1.028728
1.037908
-0.363858
0.013614
-0.461792
-1.132832
-0.067919
1.465932
-0.117637
0.077986
0.472401
0.880174
0.069733
-0.749454
0.602129
-0.849805
-1.559783
-1.158787
0.459318
0.610927
-0.334877
0.100742
0.947231
0.643858
0.387742
-0.176317
0.434265
-0.293411
-0.029755
-0.245178
-0.993287
-0.752011
-0.475835
1.198157
0.633431
-1.337511
0.451629
-0.564918
-1.342134
0.382400
-0.826158
-0.193398
-0.151159
-0.235244
-0.146201
0.131383
-0.242452
0.356854
0.998661
-0.074196
0.692249
-0.122650
0.061046
-1.105929
1.391711
-0.118822
0.506025
-1.540958
0.971900
-0.455606
1.037103
0.289860
0.154042
-0.126228
-0.055247
0.508780
-0.208442
0.359969
0.472928
1.193910
0.234748
0.131803
0.248297
-0.460893
0.156682
-0.696518
0.359505
0.175843
-0.303550
1.283305
0.496487
0.170874
0.958660
-0.724502
-0.249332
-0.528487
-0.391511
0.366164
-0.067012
-0.423735
-0.263821
-0.845425
0.168143
-0.423467
-0.123214
0.471364
0.483445
0.764138
0.195687
-0.147813
0.859963
-0.137028
0.963319
1.444613
-0.255900
0.647926
0.174700
-0.586244
-0.094412
-1.432180
-0.554199
0.320134
-0.350997
1.152213
-0.880887
-0.048405
-0.033801
-0.562776
-1.149690
-0.607646
0.045017
-0.050973
-1.420011
-0.945345
-0.543958
0.100680
-0.838975
0.276611
0.648234
-0.596339
0.319183
-0.979214
-0.264776
0.502262
-0.452064
-0.190476
0.445521
-0.114544
0.223710
0.716725
-0.206457
-0.988212
0.839237
-0.463874
0.107243
-0.360654
1.086135
1.384043
-1.023597
-0.261352
0.063659
0.409932
-0.424871
-1.019478
-0.087765
0.580185
-0.511192
0.795462
-0.724791
0.128817
0.446886
-1.648304
-0.286591
-0.372634
-0.727807
-1.006728
-0.636988
-0.436007
-0.639457
0.106853
-0.515036
-1.173019
-0.378694
0.127696
-1.097877
0.580956
0.358851
-1.106423
-0.468520
0.873051
0.362058
1.767937
0.399196
0.693891
0.743219
0.005272
-0.826894
1.741485
-0.077695
-0.810400
0.292768
-1.044503
-0.101846
-0.710633
-0.964716
-0.228283
-0.281951
0.670740
-0.058410
-0.575660
-0.374271
-0.220681
-0.102549
0.162189
-0.337063
-0.514757
0.133808
1.121666
0.253695
-1.832770
0.761878
-0.654389
-0.044864
-1.051299
-0.481887
-0.304212
-0.131677
-0.285768
-0.329170
-0.078822
1.073732
-1.475086
-0.325419
1.436328
-0.876450
0.216640
0.524927
0.255500
0.022076
1.215827
1.305825
0.885880
-0.192140
-0.167170
-0.651420
1.002225
0.096774
0.380600
0.632708
0.053618
-0.811284
-0.702854
-0.692217
-0.662931
-0.370102
0.207230
0.155539
-0.422605
-0.025905
1.512241
0.550581
0.220732
0.047266
0.771575
2.165318
-0.899517
-0.458972
-0.129711
0.230596
0.752391
1.009652
-0.302920
0.856037
-0.475503
-1.079129
0.577583
-0.619633
-0.888497
-0.296425
0.099117
1.177285
-0.403291
-0.711229
-0.051937
-0.879813
-0.981575
0.169295
1.399841
0.305038
-0.457951
-0.483386
0.443318
-0.517203
0.511205
-0.850939
0.660249
0.205160
0.035352
0.516624
-0.458549
-0.016559
-0.578685
0.080316
0.467135
0.521228
-1.357508
0.152692
-0.209326
0.392648
-0.958729
-0.630190
-0.272033
0.101421
-0.430535
0.162863
-0.380579
0.468422
-1.512267
-0.414090
-0.111391
-1.044403
0.807940
0.524887
-0.256939
-1.265253
-0.873668
-0.041368
-0.880272
-1.315825
-0.283436
1.332455
0.432037
1.605289
0.344449
-0.218255
1.529731
-0.441963
0.523196
-0.878998
-0.302849
-0.986181
0.413166
1.279804
1.467886
1.591803
0.158278
-0.424201
-0.280403
-0.017064
0.693805
0.321016
-0.302869
0.318798
0.409623
-1.062013
-0.462941
-0.079467
-0.790693
0.668781
0.194875
0.950528
0.830306
-0.155598
-0.700134
0.225927
-0.388660
-0.610801
-0.454022
0.784608
0.680778
0.426708
-0.232567
-0.161467
0.737966
0.693122
0.044825
0.250843
-1.486752
0.867225
0.807877
-1.006995
1.063771
-0.647841
0.309355
-1.033873
-0.592141
-0.163962
1.069958
0.783304
0.302547
0.126292
0.420617
0.300411
0.224066
-0.499688
0.207771
-0.175647
0.039657
-0.888336
0.939408
0.331498
0.623867
0.576002
-0.063438
-0.498413
0.399141
-0.782533
-0.508448
-0.217576
-1.355312
0.317054
0.059786
-0.646844
-0.655988
0.190761
-0.769596
-0.122635
1.053842
-0.182742
0.085758
0.971974
0.024387
0.516780
-0.758244
-0.914021
-0.806710
-0.223314
-0.250110
-1.327223
-0.554276
0.933007
-0.217558
0.250812
0.765330
0.268827
-1.433607
0.438322
0.525839
-0.188060
0.554197
1.457428
0.160581
-1.294279
-0.456890
0.063227
-0.582665
0.209023
-1.148001
0.242384
0.920942
-0.222815
0.565051
0.256472
-0.135283
-0.291059
-0.620059
-0.836917
-1.235808
0.000160
0.087474
0.163078
0.571755
-0.362455
0.382160
0.097737
-0.079215
-0.179439
0.018855
-1.417041
-0.136808
-0.627202
-0.082312
-0.157908
-0.705740
-1.176266
0.290774
-0.173035
0.525724
-0.504381
-0.241606
1.199188
0.223564
0.502063
0.758018
0.150352
-0.727797
-0.025686
0.692483
-0.719752
-0.741466
0.869599
-0.624510
0.522102
0.102719
-0.449827
-1.301147
-0.983184
-0.949966
0.771283
0.834359
0.679079
-1.089706
0.805744
-0.139560
-0.533826
1.416972
0.352843
0.336258
1.104848
-1.085885
0.660921
0.428831
-0.267364
-1.032745
-0.611353
0.478072
-1.595716
-0.399349
-1.515422
1.000808
-0.135656
1.317944
-0.976341
0.003368
1.052631
0.611354
0.826158
-0.024798
0.265678
-0.851165
-0.586407
-0.351199
0.140880
-0.325747
0.572328
-0.322961
-0.807074
-0.173040
-0.377587
0.369443
0.173640
-0.096206
-1.503846
-0.378203
1.171181
0.661398
-0.310891
1.085327
-0.456402
-0.495261
0.012493
0.049871
-1.148057
-0.833608
-0.897784
-1.144861
-0.927380
0.530584
0.647549
-0.698329
-0.229873
-0.271872
-1.001618
-0.667640
-0.667216
-0.642844
1.003695
0.730117
0.686509
0.365777
1.118353
0.111934
-0.552330
-0.915061
-0.691050
-1.210599
-0.573082
-0.046984
-0.553296
-0.039377
0.913875
0.762285
0.163310
-0.597355
0.895808
-0.507599
0.714694
0.215153
0.126653
-0.548390
0.711415
0.128086
-0.414843
0.439700
0.030408
0.437276
0.387455
1.363234
0.687737
0.395768
-0.104744
-0.224899
0.186888
-0.131818
0.451935
-1.256251
-0.651897
1.011950
0.718688
-0.315754
-0.568343
-0.017503
0.150479
-0.296556
-0.225040
-0.210014
0.334341
0.488715
0.449187
-0.027636
-0.712782
0.777437
-0.435974
0.313886
1.377592
-1.331412
0.098428
-0.500853
0.689213
-0.200155
0.039112
0.193933
-0.430605
-0.391019
-0.036575
-0.387348
-0.811618
0.917734
0.961481
-0.381414
-1.036933
0.448302
-0.341204
0.530296
-0.584655
-1.364179
-0.402585
0.360866
0.862394
-0.175618
0.075496
0.838301
-0.024975
-0.585955
0.986914
-0.182725
-0.425123
-0.313276
0.391290
-0.061954
0.421331
0.134637
-0.934822
-0.742729
0.824683
0.267738
0.081759
-0.421754
0.403285
0.888402
0.151737
-0.357959
0.293255
-0.440307
-1.216097
0.198490
-0.006866
-0.489054
0.519005
0.936011
0.027044
1.771572
-0.426642
0.630014
-1.173023
-0.490851
0.094463
-0.005428
-0.589123
-0.868100
0.681031
0.291739
-0.476576
-0.655386
0.151780
0.296660
-0.019145
0.100497
1.015009
-0.594770
-0.543075
-0.501182
-0.076078
0.122094
-0.136259
-0.381862
1.144412
0.423419
0.627057
0.954208
-0.182042
-0.205817
-0.206276
-0.057176
0.273174
0.269805
1.135861
-0.210100
0.200922
0.364100
0.458236
-0.479541
0.571542
-0.755203
-0.147879
-0.055422
1.606243
-1.035183
-0.141501
0.209602
0.305503
-1.255959
-0.550536
0.036176
-1.767336
0.741529
0.236167
-0.708568
-0.782247
0.387883
-0.065292
1.104246
-1.134368
-0.140086
0.630658
0.418800
-0.011329
-0.889727
0.270090
1.379769
-0.780344
0.376721
0.126122
0.749397
1.210103
0.608402
-0.773053
0.008364
-0.288173
-0.004512
-0.060527
-0.358297
1.157697
0.498034
-0.795002
-0.751596
0.426060
-0.397321
-0.391812
-0.121079
0.239976
-0.469061
-0.079874
0.226780
0.103449
0.254512
0.291904
0.427776
0.387094
-0.587184
1.337299
0.682537
-0.215419
-0.359660
0.809120
-0.299285
0.468936
-0.823299
0.615951
0.496859
-1.403476
0.926441
0.112750
0.366016
-0.059697
-0.658680
-0.691396
0.932974
1.315037
0.102231
-1.181133
-0.165433
-0.317485
1.041317
-0.688752
0.365548
-0.027025
-0.675780
-0.963936
0.440451
0.076860
-0.914269
0.172133
-0.172587
-0.055539
-0.020863
0.291668
0.560236
0.319981
-1.306218
-0.422382
-0.711433
0.705148
-0.028569
0.404950
-0.019889
-1.142430
-0.880016
-0.228346
1.193024
-0.158145
-0.336165
-0.409843
0.371026
-0.417055
0.164599
-0.259776
0.000781
-0.221999
1.174096
-0.570879
-0.858237
-0.028570
0.071433
-0.622586
0.417723
-0.626788
0.322232
0.332353
-0.326768
-0.732970
-0.442520
-0.013528
-0.046875
-0.405382
-0.202427
-0.955128
0.728849
-0.346796
0.542966
0.411510
-0.527883
-0.254344
-1.319962
0.067413
0.748716
-0.327111
0.120332
0.668460
-0.110468
0.468056
-0.955407
0.655710
0.137197
-0.004665
-0.496069
1.046940
-1.086202
0.672313
0.088090
-0.333266
1.101966
0.779146
0.217679
-0.387017
-0.751629
0.404086
-0.903744
1.209704
-0.241406
0.152140
-0.507307
-1.271145
-0.203530
-0.471063
0.178161
0.019926
0.435269
0.599554
-0.205564
-0.207130
0.851065
0.048842
0.352151
-0.952518
0.641796
-0.681190
-0.222899
0.048216
0.012656
-0.955860
-0.186303
1.651826
-0.495791
0.518589
0.188524
0.843155
0.096290
-0.766916
-0.259543
-0.595925
-0.551602
-0.350993
-0.782670
-0.267109
0.470623
0.645881
0.573757
0.180440
0.369696
0.805678
-0.521408
-0.642123
1.141752
-0.153072
0.667498
0.694927
0.089396
-1.016577
0.912328
0.282091
-0.214563
-0.104359
0.029464
-1.040442
-0.845211
1.086336
-1.367718
-0.352128
0.062910
-0.051348
0.351318
0.102828
0.636914
-0.152992
-0.287073
0.439704
-0.457616
-0.538885
-0.893986
-0.613623
0.598101
0.595770
-0.543470
-0.584022
-0.637131
0.106397
-0.575454
-0.017521
0.298509
1.227953
-0.337386
1.659817
-0.956041
-0.694814
0.844133
-0.193812
0.633094
-0.700710
0.035198
-0.052710
0.393708
0.048346
0.457179
-0.645366
-1.346628
-0.335356
-0.187749
-0.198283
-0.818432
0.852702
0.221229
0.178674
-0.178116
0.419200
-0.063169
-0.523077
-0.148956
0.736743
-0.273976
0.250687
0.077834
-0.354439
0.391116
0.227938
0.314478
0.463810
-0.887392
0.827193
-0.064693
0.443591
-0.702862
0.337923
0.034718
0.532575
0.559956
0.406890
1.248655
0.222504
0.087198
-0.259682
0.235988
0.237891
-0.108034
1.288365
-0.326535
0.624704
0.174021
-0.441761
-0.436789
0.367910
0.087147
-0.081637
-1.054043
-0.341911
-0.133116
1.111024
-0.577091
1.243130
-1.013097
-0.897253
-0.285333
0.635273
-1.145572
-1.020708
0.085586
0.659431
0.465272
-0.261903
0.331541
0.033797
-0.777567
1.320487
-0.740620
-0.823368
-0.144888
-0.530755
0.494370
-0.015455
-0.170145
-0.889290
0.459077
1.137223
0.089222
0.677966
0.676176
0.095202
1.028812
0.455740
-0.545975
0.135303
-0.909068
0.285785
0.825410
-1.075373
1.045490
1.317949
-0.104097
-0.761199
-1.012941
-0.731613
-0.335846
-0.183808
-0.704804
-0.223369
-0.262829
0.096755
1.145628
0.248039
-0.060333
-0.129089
-0.929953
0.650871
-0.828960
0.350974
-0.883991
-0.150806
0.399067
0.073468
-0.491235
1.273528
0.320569
0.264171
0.596676
-0.906843
-0.275925
0.948108
0.600789
0.661223
0.078928
0.842492
-1.310567
-0.360290
0.295504
-0.337597
-0.739519
0.831541
-0.243207
-0.255145
-1.872105
-0.974288
0.494005
0.782075
0.071491
0.271476
-1.562805
0.995251
-0.109766
-0.303901
-0.773128
0.633489
0.351472
-0.993395
-0.258698
-0.346705
-0.179093
0.079365
0.068203
0.322772
0.212861
-0.930967
0.720219
0.790585
-0.228794
-0.653447
-0.868077
-0.386663
0.250362
0.224178
-0.105047
0.886158
1.366799
-1.005876
0.255321
0.950686
-0.225663
-1.429210
-0.249149
0.150638
-0.659017
-0.102975
0.627328
0.780160
0.971881
0.406468
-0.192289
1.226294
-0.493127
-0.975804
-0.361178
-0.334193
-0.575960
1.281704
-0.578704
0.814121
-0.325094
0.480751
-0.374809
0.220057
-0.889991
0.268336
0.368607
1.220002
-1.539763
-0.870626
0.263944
-0.090100
0.146508
-0.346114
-0.082244
-0.816845
0.215016
-0.331154
-0.113752
-0.005974
-0.492779
-0.834989
-0.538414
-0.694453
0.285896
-0.126229
-0.968095
-0.204001
0.870193
-1.017196
-0.175122
-0.749354
0.184716
0.030007
0.173449
0.527683
-0.597671
0.086095
-0.252758
0.540253
0.068517
0.205786
-0.917993
0.871413
-1.090435
-0.226986
-0.221823
1.646292
0.358305
0.710586
0.288294
1.036091
0.965671
-0.228874
-1.252221
0.952697
0.209137
0.388168
-0.113072
-0.235089
-0.086417
-0.616160
-0.018098
0.079678
0.824474
-0.221616
-0.503386
0.813530
-0.088074
0.682428
0.193480
-0.765538
0.304053
0.360956
-1.161658
1.142663
0.771716
0.218283
-1.371859
-1.013927
0.439224
0.044346
-0.168685
-1.115818
-0.231304
0.776855
-0.374852
0.359508
0.519043
-0.469805
-0.712394
0.059986
0.101446
0.310011
-1.275137
0.321389
0.592820
0.616520
0.128047
0.529148
-1.100433
0.103511
0.310537
0.311645
-0.587818
-0.048662
0.054009
-0.462709
0.339579
0.726605
0.382563
-0.733842
1.576054
0.219356
0.545562
0.550451
-0.348386
0.322902
1.285811
1.192724
-0.369633
0.391356
-0.375383
0.881886
0.388284
0.424101
0.064465
-0.653494
-1.166825
-0.401252
0.393346
0.099694
-0.473236
1.438653
0.462397
-0.611929
-0.808081
1.023635
-0.474890
0.187250
1.631520
0.744723
-1.087185
0.366300
-0.036217
0.100761
-0.765399
-0.027581
-0.065217
-0.071896
0.604710
-0.546288
0.066149
-0.032739
-0.444744
-0.279942
-0.356314
-0.160517
-0.621284
0.398156
-0.699516
-0.247671
-0.636267
-0.400482
-0.089889
-0.944778
-0.848928
0.603587
-1.117575
1.051815
0.018534
0.121381
-0.103337
-1.480449
0.474378
0.058985
0.525919
-0.047229
0.037274
0.864269
0.087036
1.045228
0.550616
0.237810
0.519623
-0.947041
0.071121
0.610334
0.507304
1.436113
0.806589
0.445419
0.269216
-0.612751
0.306106
-0.800288
-0.569865
0.896574
-0.774116
-0.878796
-0.548180
-0.693572
0.259967
-1.043387
0.502452
-1.666521
-0.626673
-0.027889
-0.477411
-0.155562
-0.744414
0.153847
-0.082228
-1.449864
-0.899156
0.593564
0.089177
-0.478600
0.501395
-0.077781
0.374711
-0.584176
-1.422325
-0.301611
0.119260
-0.424978
0.207544
-0.533367
-0.224609
-0.067144
0.412260
1.421820
-1.184076
0.245173
-0.604624
-0.534090
-0.930931
0.121992
0.636876
-0.195109
0.534945
-0.668324
-0.323881
0.210796
0.100838
-0.839144
0.478584
-0.464758
0.777431
0.318314
0.648387
-0.026300
0.175968
-0.741792
-0.841671
0.248732
0.433971
-0.096522
0.231297
-0.127632
-0.009168
0.589587
-1.119699
0.429520
-0.922838
-0.171078
0.036545
0.298534
-0.696926
-0.193972
0.158908
0.167640
0.405250
0.484156
-0.683921
0.442791
-1.051405
0.081008
0.002458
0.366851
0.859515
0.144683
0.897422
-0.998062
0.835595
-0.491269
0.326963
-0.863043
0.023485
-0.703072
-0.518648
-1.054670
-0.097194
-0.033852
0.630491
0.079498
0.238527
-0.231927
0.278987
-0.436631
1.359018
0.300916
-0.017502
0.061559
-0.737625
0.005762
-0.437535
0.432966
-0.338240
-0.180984
-0.497670
0.155174
-0.334010
-0.070012
-0.075483
0.068637
1.122856
-0.308665
-0.305598
-0.036849
-0.695371
-1.613573
0.001776
0.242047
-0.298909
0.316020
-0.736566
-0.059852
0.742713
0.514211
-0.367241
-0.968524
-0.224133
-0.258443
-0.440636
-0.941072
0.290074
0.541328
-0.050555
0.101978
0.129580
0.128433
0.566482
-0.221559
0.046377
0.193148
-0.119369
-0.314071
0.134978
-0.093851
0.793225
0.415949
0.275411
0.014141
-0.389087
-0.301952
0.853218
-0.045192
-0.604507
-0.142694
0.658681
0.268046
-0.255037
-0.073818
-0.958005
-0.000188
-0.558954
-0.753503
1.153498
0.968650
1.040849
-0.489277
-0.118760
-0.127639
0.675391
-0.850460
-0.294629
0.367098
0.203125
-0.266445
0.475212
-0.043157
-0.477358
1.612935
0.233595
0.996146
-0.386028
0.954249
-0.137512
-0.418789
-1.111500
1.286943
-0.095986
0.704178
-0.767611
-0.813100
-0.342737
-0.333633
0.183318
0.758439
-0.687712
0.204288
-0.411820
-0.617100
0.098166
-0.132951
-0.506023
-1.714613
-0.206568
-0.058744
0.122999
-0.443038
1.221016
-0.889670
1.111541
0.467991
0.531876
-0.159199
0.644407
-0.112393
0.214627
-0.179519
-0.236696
0.016764
1.140444
0.294112
-0.320751
0.290677
-0.688391
-0.805193
0.886707
-0.923474
0.695543
-0.197791
-0.954574
-0.779321
-0.386455
-1.180206
1.402374
0.295014
1.321676
1.123417
0.483084
0.455512
-0.444085
-0.544529
-0.083986
0.164419
0.043793
-0.405089
0.135166
-0.261113
-0.678606
-0.343963
0.859766
-0.740740
0.799031
-0.145000
0.166969
-0.636425
0.079013
-0.344299
-0.310021
-0.607276
-0.224635
0.677565
0.763087
-0.498687
0.346256
0.346055
0.414718
-0.128266
0.270260
-1.078826
-0.322747
0.814940
0.609474
0.934008
0.380904
-0.433784
-0.437108
-0.594761
-0.818337
-1.636049
-0.349506
-1.056757
0.307803
-0.025061
0.161708
0.671211
0.677404
1.711912
-0.306435
-0.194101
-0.237815
-0.237088
0.611402
0.060390
-0.831431
0.702266
-1.597684
0.458519
-0.661115
0.326252
0.961723
-0.492788
0.506615
0.410426
-0.953699
-0.018122
-0.516117
0.368199
-0.693356
1.007249
0.405578
0.037603
0.060454
-0.254629
-0.182615
0.281842
-0.877093
-0.046792
0.173072
-0.598376
0.508942
0.674067
-0.473573
1.121010
0.529602
0.105283
-0.096273
-0.914541
-0.641709
-0.060732
0.466183
0.436204
0.073580
0.243471
-0.801594
-0.466963
0.025247
-1.528881
0.006399
-1.145589
0.167185
-0.228417
-0.779227
0.534352
1.511340
-0.138649
-0.305346
0.125438
-1.060966
-0.015305
0.434085
-0.318163
-0.462465
-0.113859
-1.550835
-1.342327
0.939750
0.588153
0.711035
-0.513876
-0.485300
0.409324
-0.649499
0.708960
0.114647
-1.074356
-0.478592
-0.422778
0.777874
1.471402
-1.103999
-0.650652
0.359576
0.135342
-0.990035
-0.372034
0.240925
-0.376895
-0.301871
-0.179606
0.564289
1.103880
0.217766
-0.238725
-0.734003
-0.005340
-0.400745
0.554582
0.117832
0.115224
0.052898
0.332673
0.117316
1.111356
-0.658200
0.002937
-0.207321
-0.534275
-0.636308
-0.195881
0.381204
-0.053225
0.476555
0.884296
-0.053405
-0.554720
-0.272582
-0.977784
-0.330282
-0.583932
0.946129
-0.253534
0.521738
0.441799
0.343848
0.422923
-0.182702
0.636125
0.206970
0.495017
-0.598106
-0.464242
0.854468
-0.115709
-0.802701
0.103192
-1.402273
0.289928
1.025512
0.205217
0.353791
0.276655
-0.488313
-0.259822
-0.146559
-0.386710
-0.545013
-1.312866
1.015681
-0.625957
-0.336955
-0.607885
-0.891285
1.582356
0.000926
0.284802
-0.837801
-0.047656
-0.079526
0.369721
-0.008106
0.344897
-0.235766
0.101754
0.164139
0.131550
1.129579
-0.657232
0.273795
-0.566936
-1.172311
0.337500
0.731666
1.382401
0.463124
0.073955
-0.457703
0.733062
-0.256084
-1.155442
1.752108
0.531609
-0.010619
0.147041
0.194760
-0.290518
0.337120
0.907859
-0.269416
-0.534475
-0.590899
-1.042200
-0.380136
-0.936844
-0.464371
-0.106868
-0.040285
-0.191005
-0.019527
0.442890
0.296630
-0.419862
-0.271458
-1.200112
0.971215
0.589887
-0.216585
-0.229454
1.151515
0.469478
0.551256
1.057763
-0.829821
-0.591838
0.362999
0.399462
-0.782771
0.374623
-0.229246
1.219185
0.290441
1.491016
0.514858
0.680347
-0.465693
0.306000
-0.710807
-0.037194
-0.506448
-0.648607
0.094354
-0.990808
0.193002
0.305621
-1.014042
-0.156105
-1.413115
-0.033429
1.012122
1.171880
-0.187021
0.432737
0.604617
-0.710548
1.061976
-0.202044
-1.103589
-0.208756
-1.225225
-0.711389
-0.083195
0.517957
-1.134245
-0.543196
-0.221194
-1.061273
0.760034
-0.181581
0.163763
1.715054
0.726404
1.051804
-0.236263
0.595070
-1.372297
-1.227151
0.042327
-0.820477
-0.090878
-0.269681
-0.151118
1.118679
-2.070149
0.783300
-0.067826
0.200860
-0.138225
0.284751
-0.016393
0.931593
-0.339725
-0.928641
-0.686916
-0.058413
0.293833
1.075210
-0.328332
0.927338
-0.694689
-0.468368
0.033837
-0.626307
1.248019
-0.726710
0.262405
-0.000595
-0.716000
0.283723
1.531336
-0.383567
1.335017
-0.456626
1.602871
0.420953
1.037606
0.128824
-0.223212
-0.843460
0.132630
0.833693
-0.399304
-0.166138
0.093840
0.916144
-0.549735
-0.522782
-0.036053
0.465938
-0.305112
-0.400714
-0.067174
-0.089188
-0.389665
0.032971
0.392439
0.276708
0.861416
-0.660926
-0.559875
-0.608983
0.271761
-1.056036
-0.700663
-0.117669
1.180442
-0.733937
-0.033300
-0.467007
0.318149
0.375448
-0.149809
-0.567695
-1.240554
0.732085
1.158952
-0.709959
0.747317
-0.258610
0.093744
-0.982988
-0.667778
-0.153369
0.025137
-0.163255
-0.769042
0.002719
-0.319352
0.079357
0.984672
-0.079437
1.351055
0.204955
-0.586949
-0.246372
0.504225
0.877503
-0.606999
-0.551887
-1.235797
-0.200860
-0.029595
0.181098
0.203418
0.303687
0.899978
-0.675196
0.383958
0.392539
1.176255
-0.375580
0.317625
0.793923
0.305203
0.427986
-0.273145
-0.059004
-0.707080
-0.297050
1.343203
0.827790
-1.364358
0.363980
0.744339
0.099124
1.056504
-0.237697
-0.206123
-0.283545
-0.645545
-0.058811
-0.410163
-0.692659
-0.456981
-0.332932
-0.005001
0.000083
-0.224567
1.467703
0.051209
0.331244
0.751868
-0.280687
-0.245591
-1.436587
-0.256865
1.504121
0.137124
-0.608327
0.102152
0.299648
0.135936
-0.311117
-0.741814
-0.347605
0.131962
-0.204358
0.161086
0.965118
-0.650955
0.032724
0.556112
-0.734966
0.158322
0.809936
0.595319
-0.559221
-0.052933
0.898479
0.761696
0.353164
1.284610
-0.277772
-0.000099
0.975966
-0.318454
0.359526
-0.249104
0.894943
0.697734
1.339867
-0.336863
0.911866
0.815966
0.278838
-0.459375
-0.233415
0.333106
0.759524
0.166398
1.328548
-1.112328
0.105659
0.276525
0.330449
0.316225
0.474033
-0.442784
-0.183677
0.360585
1.275826
0.212940
0.431562
-0.156176
0.581703
-0.000612
0.834605
-0.331654
-0.634752
-1.443020
-0.236006
1.096258
-0.662917
0.810696
-0.205309
-1.365146
0.140507
-1.127851
0.542086
1.301472
0.180370
-1.058739
0.410078
0.173790
-0.209691
-0.258141
0.771935
-0.049910
-0.239645
0.755089
0.742786
0.092914
0.331499
-1.415954
-0.360534
-0.790367
0.896611
-0.724086
0.113085
0.080167
0.693696
0.530909
-0.326653
0.522017
-0.132402
0.402552
0.274440
-1.629842
0.087549
0.782705
1.720669
1.435491
0.460349
0.282697
-0.812403
0.098778
-0.546438
-0.080908
0.201752
0.417954
-0.076994
-0.971417
2.408142
0.009297
-0.572699
0.338308
-0.620104
-0.317767
0.789960
-0.410906
0.354944
-0.065323
-0.177915
-1.668016
0.934290
0.133370
-0.649915
-0.814303
0.015773
-0.363444
0.053326
-1.271178
-0.644457
-1.098283
-0.524328
0.043111
-0.384700
-0.018622
0.285389
-0.020445
-1.340512
0.901273
0.781642
0.489404
0.209978
-0.890244
-0.522084
-0.303298
-0.301257
-0.234739
0.193784
0.261111
-0.665376
0.306803
-0.665514
0.337572
0.164809
0.376488
-0.653986
-0.571914
0.212969
0.354894
-1.298829
0.102666
0.045863
0.010071
-1.217142
-0.498218
0.924129
-0.273608
-0.372168
0.135657
0.607021
-0.120871
0.138777
0.987012
0.222247
1.191679
0.995567
0.264263
0.989272
-0.502720
-0.798768
0.386967
-0.067599
-0.652805
0.597229
0.105859
-0.542954
-1.015326
-0.286309
-0.266332
0.004617
-0.280981
-0.595956
0.047759
-0.230097
-0.532537
0.708918
1.472481
-2.203989
0.138156
-0.619099
0.788063
-0.139936
0.218239
-0.630401
0.616575
1.076114
0.141206
-0.603411
-0.655985
-0.343347
-1.087105
-0.643249
0.081801
-0.876663
0.208042
0.751445
0.743621
-0.085957
-0.472576
0.029202
0.019522
-0.923167
0.083953
-0.368396
0.121629
-0.263731
0.025815
-0.409843
0.351715
-0.258714
0.007582
-0.423038
0.709595
1.312854
-0.929916
-0.626054
-0.327644
1.257467
0.254419
0.148363
-0.011691
-0.013558
-0.050473
-0.360125
0.123400
0.157828
-0.344964
1.138078
-0.027064
0.426808
0.236358
-1.229368
-0.371557
-0.804406
0.485848
0.739488
-0.090979
1.102771
0.511129
-0.230257
-0.359814
0.109258
0.085018
0.268253
-0.030549
0.529701
0.215860
-0.410496
-0.455800
-0.722206
0.055060
0.392239
-0.034462
-0.824877
0.542788
0.539424
-0.219710
0.781720
-0.032599
0.666009
0.960602
1.776672
1.165250
-0.480345
0.228834
-0.673003
0.053183
-0.628223
0.395399
-0.425406
-0.095927
-0.332857
0.077009
-0.645281
-0.765319
0.403547
0.177106
-0.505386
-0.904375
-0.985670
0.214975
0.748048
-0.011818
-1.451978
-0.060628
0.371520
0.230888
-0.949934
0.138130
0.350736
-0.800009
0.601624
0.648042
-1.119481
-0.257928
0.006510
0.044573
-0.676208
-1.456100
-0.621063
0.040969
0.176558
1.077531
-0.014140
-0.057539
0.226270
0.460003
0.081274
-1.393789
-1.315486
0.467449
0.000704
0.400368
-0.082180
-0.699969
0.352518
0.033688
-0.763562
0.746864
-0.427215
-0.708143
-0.409999
1.222930
0.091771
-0.538830
1.170093
-0.517506
0.778835
-1.710200
-0.310168
-1.211073
-0.190870
0.645928
-0.058537
0.023348
0.743358
-0.751542
1.034870
0.861142
0.077152
-0.475149
0.158839
0.490280
0.246168
-0.667688
-1.830061
-0.678932
-0.523758
-0.297703
0.628182
1.129230
-0.479202
0.715890
-1.422075
-0.241573
-0.394646
0.600834
0.453096
-0.087788
0.191880
-0.309816
-0.809035
-0.513116
0.378352
0.532671
0.232112
1.371104
-1.150444
-0.399037
0.012460
0.858554
0.319954
0.033530
-0.185206
-0.510376
-0.193538
-0.056204
0.498775
-0.769623
0.403793
-0.112117
1.504238
0.808677
0.184642
0.108916
-0.492817
-0.297757
-0.630780
-0.126662
0.379048
-0.233366
1.294670
-1.388072
-0.899845
-0.937070
-0.833139
0.140224
0.100322
0.572479
0.064054
-0.066961
0.571857
0.341915
0.041920
0.410335
1.167670
0.618081
-0.238386
0.100595
0.254936
-0.446357
0.987226
-0.667308
0.853912
1.163270
0.041488
-0.418368
0.775650
-0.948674
-0.639809
-1.231228
-0.546233
0.628290
-1.692537
0.284507
-0.253914
0.627708
-0.363695
0.144282
0.747862
0.074756
-0.747831
0.916910
-0.396085
-1.440110
2.039683
-0.239465
0.597562
-0.461183
-0.213064
0.301851
-0.963015
0.745947
-1.301866
0.154676
-0.457850
1.381800
0.262096
-0.597681
-0.438185
1.287251
0.017765
0.072387
0.688232
0.059189
-0.590206
0.500110
-0.051035
0.826301
0.426490
-0.217579
1.060155
-1.122134
0.856646
0.087044
0.689828
-0.163631
-0.354599
0.251895
-0.652034
0.293332
1.209358
0.031955
0.185602
0.111842
-0.134747
0.188670
0.796347
-0.467533
-0.464398
-0.937667
0.952886
0.798937
0.094634
0.250571
-0.373551
-0.407752
-0.464411
-1.094674
0.793454
-0.559234
-0.857573
0.077146
-0.491105
-1.085971
0.847428
-0.940637
-0.408599
-0.406878
-0.100801
-0.985419
0.000475
0.159115
-0.062909
0.556885
0.850050
-0.029327
-0.202062
-0.989233
2.013572
0.906280
0.480514
0.097454
-0.251986
-0.293140
-0.251238
0.419054
-0.440761
-0.041566
-0.887151
0.022699
1.597277
-0.218351
-1.426041
0.204766
-0.686455
-0.042470
0.795681
0.380888
1.135109
0.440326
0.437419
-0.828144
-0.606429
-0.358338
0.002183
0.722273
0.083960
0.187537
0.093143
-0.567206
0.601413
0.721991
0.153955
-0.024532
1.403932
0.367041
-0.447987
0.843590
-0.079102
0.183667
-0.959387
-0.240902
-0.462811
1.711561
-0.298138
-0.057994
0.806741
-0.410127
2.135446
-0.743001
-1.177685
0.266445
-0.804135
-0.388552
-0.883044
0.373507
0.370095
-0.014529
-0.381553
0.187794
0.159550
-0.049911
1.120325
0.190289
-1.182454
-0.835546
0.650393
0.405524
-0.535948
1.277068
-0.994846
-0.739231
0.169950
0.758233
0.554211
0.637804
1.158517
-0.128290
0.363240
-0.262313
-0.409911
0.143738
0.547831
-0.433234
-0.493423
-1.012091
-0.167837
-0.719233
0.346788
0.269318
0.677975
0.462342
0.850174
0.865973
-0.024770
-0.445142
1.378609
-0.785009
-0.258695
0.607172
-0.742820
-0.248423
0.575224
-0.005849
-0.531981
0.983110
0.151231
-0.625727
0.563004
-0.191541
0.201287
-0.063245
0.154829
0.378950
0.375915
0.260841
0.154856
1.159473
0.468385
-1.054183
-0.225113
-0.760776
0.018021
1.431876
0.678692
-0.189624
-0.616774
0.226333
1.367384
-0.550641
0.458652
-0.792207
0.784663
0.433903
0.021192
0.333624
-1.155906
-0.191072
-0.090456
-0.415365
-0.401048
0.021268
-0.773877
0.029946
1.115544
-1.257000
-0.385066
0.472253
0.978748
0.119206
0.290742
-0.576979
0.879031
-0.519966
0.094252
-0.482329
-0.249539
1.045424
-0.038301
0.919517
-0.064403
-1.137336
0.129498
-0.430885
0.212255
-0.723332
-0.517576
-0.916813
1.021071
-0.577819
-0.343922
-0.677878
-0.264271
-0.545397
0.286610
0.242330
-0.256811
1.739330
-0.890049
0.485360
-1.007178
-0.342668
1.069717
-0.069497
-0.405907
0.441031
0.029042
0.328251
-0.456071
-0.870405
0.042237
-0.049027
-0.305141
-0.599123
-0.461595
1.055259
-0.049722
-0.119837
0.965331
0.343719
1.228713
-0.620481
-0.238023
-0.263135
1.116778
0.079872
0.504390
-0.502776
0.822496
-0.106304
0.199985
-0.585093
0.323299
0.983691
-0.409652
-0.915762
-0.023566
-0.945397
0.689908
0.148053
-0.279208
-1.593201
-0.494043
0.047995
0.318853
-0.812591
-0.496496
0.348521
-0.017642
-0.509806
-0.089855
0.074843
0.609496
-0.024713
0.483557
-0.707166
0.414151
0.446650
0.481588
1.431995
0.247712
-1.012861
0.427155
0.568607
0.257006
-0.962419
-0.169457
-1.153247
-0.518567
0.198080
0.619068
-0.201962
-0.591194
0.036804
-1.006493
-0.131870
-0.080860
0.826524
0.416168
0.613712
-0.611123
-0.316745
-0.685875
0.471276
0.292343
0.304488
0.636328
0.423788
0.371012
0.946567
0.068315
1.374099
-0.376056
-0.032234
0.434630
0.526704
-0.336559
-0.090630
-0.207482
0.188877
-0.458223
0.026376
0.147351
-1.216459
0.004258
0.122088
0.434288
-0.198063
-0.654642
0.417794
0.313232
-0.097853
-0.361113
0.314297
-0.147459
0.133612
-0.393086
0.869778
-0.591137
-0.575866
-0.560229
-0.108180
-0.162071
0.488823
-0.271953
0.268584
0.717806
0.406091
-0.038717
-0.196733
0.239997
-0.636431
-0.463865
-0.121340
-0.351987
0.019945
0.586163
0.972210
0.827882
0.831986
0.324090
-0.469408
-0.401554
-0.702551
0.168759
0.578738
0.222536
0.141264
0.493701
0.246389
0.322868
0.274327
-0.131403
0.830626
0.305880
-0.317698
0.200442
0.756621
-0.277541
-0.093552
0.124503
0.697497
-0.228741
0.351076
0.739501
-0.164913
0.078565
0.596457
-0.752863
0.597278
-0.081124
0.538676
1.260251
1.380355
0.174414
-1.301239
-0.782361
0.412776
0.345441
0.173662
-0.547708
0.441131
-0.076124
1.059625
-0.838689
1.381464
0.521372
-0.239834
0.643409
-0.022980
0.461770
-0.407066
-0.482085
0.163460
-0.411330
-0.602124
0.518944
0.275138
-0.132169
-0.648085
-1.178163
0.480643
0.312657
-0.664078
-0.385208
-1.044775
0.842069
0.327623
0.119458
-1.591122
-0.595339
0.557927
-0.701793
-0.322617
-0.231912
1.751112
-1.533331
0.877989
-1.675639
1.268732
0.610495
0.830930
-1.254208
-0.406584
0.868699
-0.681810
-0.334483
-1.038001
0.911855
-0.590386
1.492729
0.054787
0.700554
-0.351847
0.961234
0.886120
1.074684
-0.391035
-0.678522
-0.500809
0.694201
0.596974
-0.332872
-0.925509
0.124475
-0.361184
-0.311059
-0.266833
0.098590
-0.019859
1.053093
-0.000486
-0.130487
-0.196966
0.079217
-0.557913
0.522286
0.494194
-0.105716
-0.232952
-1.098081
-0.167437
-0.655445
-1.807039
-0.368654
0.579305
-0.143436
-0.579216
-0.789568
-0.153156
-0.613506
0.255645
0.075400
0.349517
0.279569
-1.103317
-0.020164
0.669978
-0.539746
0.746171
1.063913
-0.453260
-0.114292
-0.015013
0.249050
-0.548558
-0.121063
-0.105860
-0.428355
-0.082814
-0.385226
0.338879
0.308323
0.042748
0.200673
-0.396237
0.687769
0.302355
0.758421
0.083856
-0.709409
-1.005670
0.908339
-0.444186
0.918188
0.124735
-1.058378
-0.932120
-0.160985
1.825727
0.112960
-0.470578
-0.403652
0.264933
-1.174851
0.596731
0.758668
0.770111
0.685300
0.030556
0.624164
0.037071
-0.129053
-0.817536
-0.476938
-0.655091
0.229194
-0.061063
0.200447
0.062753
-0.140556
1.190231
-0.482364
-0.894914
0.595852
0.229502
0.721003
-0.897786
-0.989010
-0.215333
-0.626014
-0.644134
-0.034788
0.681513
-0.113980
-0.082623
-0.691386
0.564549
-0.274959
-0.660289
-0.023727
-0.299815
0.783441
1.030874
0.223663
0.891250
-0.383794
0.311607
1.564008
0.409049
0.144371
-0.578506
0.243424
0.852640
-1.521800
-0.131869
-0.128401
0.380789
0.225171
-0.431266
0.498339
-0.031164
-0.504730
0.663267
0.421278
-0.282387
-0.721663
0.542301
0.014341
-0.465711
1.061981
0.602021
0.641169
-0.178815
0.628455
-0.143835
-0.280937
-0.092030
1.418614
-0.661541
0.374235
-0.644004
-0.013352
-0.086726
0.175893
-0.715881
0.220899
-0.407232
0.017278
0.978287
0.063797
1.041192
-0.196204
0.398751
0.468011
-1.284342
-1.141700
0.272579
0.021364
0.017525
0.072708
0.610431
2.197200
0.853369
0.196401
-0.385197
1.105369
-0.346478
0.847916
0.130375
-0.937524
-0.842791
0.444779
1.582745
-0.385424
0.009400
0.298121
0.091279
0.431515
0.187286
0.441553
1.120276
-0.831863
-0.126022
0.115759
-0.312729
-0.307549
-0.512787
-0.167951
0.171160
1.051234
-0.164593
0.196862
2.400325
-0.867451
0.417094
-1.004711
0.187821
0.181634
0.354468
-1.040229
1.182250
-0.394984
-1.008068
-0.283236
-0.144217
-0.274415
0.101246
-0.313544
-0.395250
-0.529554
0.118011
0.123239
0.269915
0.747650
-0.309468
-0.637394
0.595536
-0.008679
0.800292
0.115335
0.202623
0.135776
-0.421738
0.896799
-1.810677
0.574275
0.586023
0.743050
-0.519292
0.750800
0.990485
-0.187150
0.373541
-0.190430
-0.394682
-1.645483
1.012388
-0.033414
-0.953105
0.570229
0.901617
1.042345
1.012950
1.068017
0.056200
1.759441
-0.124278
-0.118255
-0.969393
0.732856
0.284135
-0.741129
-0.058380
-0.283374
-0.511492
0.634036
-0.149867
-1.001676
-0.016224
0.257754
0.758302
0.172543
-0.926266
-1.407882
1.850754
0.302792
-0.684424
-0.894172
0.614621
-0.272743
-0.417041
-0.287627
-0.138606
0.156676
-0.566433
-0.602279
0.165363
-0.170761
0.724687
0.222905
0.526418
0.143020
-0.884340
0.249263
1.091354
-0.090018
-0.086682
-0.280613
-0.583257
-0.173546
-0.008098
-0.279843
-0.588703
0.177745
0.428546
0.787574
1.424429
0.045080
0.320815
-0.678077
-2.269184
-0.540738
-1.715470
-0.850191
0.983514
0.575893
0.375130
0.193696
0.785966
-0.661397
-0.105871
-0.952980
-0.496930
0.586302
-0.832367
1.882829
0.286399
-0.115428
-0.052471
0.432113
0.272140
-0.358546
1.173019
0.562360
-0.022733
0.219416
-0.696989
1.334583
-1.458823
-0.725850
-1.065868
-0.169736
0.417356
-0.445223
-0.419981
0.410422
-0.547690
0.646583
-0.865570
-0.069168
0.128105
0.690239
-0.074513
-0.037992
-0.345977
1.070927
0.444905
0.385096
0.134808
1.028876
-0.454244
-0.824509
-0.233619
0.025166
0.221026
0.079739
-0.397098
-0.869185
-0.001630
-0.549912
0.847683
-0.617637
-0.842348
-0.463817
0.938761
-0.191013
0.132964
0.575108
-0.431022
-0.632385
-0.189559
-0.044002
-0.014493
-0.149492
0.054915
0.364556
0.727605
-0.081566
0.120927
-0.494316
-0.285002
-1.134636
0.599966
0.470169
0.535989
0.128719
0.421675
-0.104963
0.072390
0.344780
0.214974
-0.833491
-0.546525
-0.289904
1.100588
-0.715691
-0.758754
-0.066882
-1.356685
-0.898626
0.488680
-0.342614
-0.286258
1.396294
0.850545
0.360182
0.002357
0.011531
-0.160153
-0.559899
0.129178
1.114498
-1.064091
0.521715
0.768619
1.264752
0.145328
-0.310917
-0.712042
0.566043
-1.591729
0.051849
-0.774322
-0.840024
-0.690205
0.413697
-0.313752
0.405997
0.320914
-1.056194
-0.348310
-0.094407
0.419234
0.719218
-0.643600
-0.557449
-0.895078
-0.655625
-0.024926
-0.158258
0.159016
-0.568673
0.414986
0.805881
0.957679
-0.762774
0.616934
0.616010
-0.042089
0.615076
-0.713017
-1.065308
0.103784
-0.593390
0.501225
-0.467341
-0.353800
0.101756
0.404317
-1.195754
0.596860
-0.442978
-0.048360
-0.382696
0.536508
0.285965
0.180052
-0.460466
0.385761
-0.342560
-0.019205
0.313409
0.295398
-0.019264
0.537707
-0.334309
0.286527
1.036815
0.257353
-0.279559
0.543055
1.136768
-0.098431
-1.137778
0.255110
0.733564
0.021126
-0.067905
-0.289687
0.840754
0.660721
0.876864
0.301110
0.304757
0.155919
-0.483528
0.344534
-0.533501
-0.565441
-0.512585
-0.280213
-0.596545
-0.811968
-0.258093
0.645994
-0.344525
0.957683
-0.154684
-0.538564
0.529059
0.261109
-0.572422
-0.050180
0.110306
0.587334
0.296302
0.363272
0.580230
0.274434
0.116892
-0.589321
-0.136940
-0.768793
-0.310197
0.326292
0.718990
0.667348
-0.816547
0.307811
0.928161
0.368498
0.630920
-0.268360
-0.414665
-0.622119
-0.014554
-0.445674
-0.775462
-0.856701
0.379091
-0.636420
-0.263069
-0.022610
-0.468522
0.445040
-0.656381
-1.249364
0.772224
-1.231666
0.628826
0.203363
0.397977
-0.570794
0.122141
1.604190
0.217894
0.010015
0.459607
0.801151
0.191632
-0.899967
0.570560
0.340340
1.337354
-0.072835
1.036773
-1.213447
-0.847953
0.784168
0.382478
-0.087908
0.293829
1.127011
0.829308
1.298025
0.528573
0.039864
0.061495
1.323732
-0.145445
-0.168021
-0.729434
-0.001361
-0.744438
-0.592182
0.761246
-0.097295
-0.166254
0.362612
1.766324
-0.638174
-0.132303
-0.636051
-0.062249
0.406584
0.210331
-0.217511
0.384489
-0.704737
-0.275546
0.725302
0.936722
0.265308
0.267126
-0.311756
-1.066433
-0.853032
0.551415
-0.571276
0.600785
0.920665
-1.091634
-0.502058
-1.459204
0.004756
-0.565643
0.425206
-1.345436
0.159552
-0.348561
0.558774
-0.021324
0.616274
-0.932254
0.993718
0.352743
0.204126
0.344187
-0.429311
-0.291699
0.529603
0.040349
-0.236061
0.063881
-0.133894
0.171108
-1.315191
0.317115
0.150194
0.206407
0.314188
-0.112073
-1.142238
0.346235
0.203997
1.187435
0.252962
0.646456
-0.426329
0.436945
0.865898
-0.809175
0.449190
-0.338480
-0.674116
0.053591
0.030699
0.150547
-0.293003
-0.240314
-0.192011
0.851780
0.461621
0.380575
0.465058
-0.865188
1.192050
-0.355748
-0.692756
0.124422
0.496970
0.426852
-0.694137
0.637718
0.335623
0.711100
-0.147247
0.486560
0.229396
-0.269249
0.770656
1.049126
0.115909
0.749055
-0.237379
0.647845
-0.696659
-0.442568
-0.550252
-0.361270
1.386126
-0.355478
-0.232220
-0.806997
-0.640935
-0.811182
0.878495
1.447066
0.425548
-0.460256
0.568836
-0.011123
0.054924
-0.277905
-0.863575
-1.799627
0.503316
0.262861
-0.135759
-0.414229
1.045662
-0.102914
0.963998
-0.226974
-0.921267
0.891403
-0.439807
-0.157723
0.336678
-0.041707
-0.441204
1.865118
-0.285607
1.168060
-0.506396
0.175288
-0.090749
0.936955
0.539909
0.221600
1.409041
-1.147690
0.079887
-0.182190
0.211058
-0.584739
0.881525
-0.696320
0.275090
-0.077184
0.234194
0.749458
0.679736
-0.751470
0.075598
0.836991
-0.010503
0.474272
0.087539
-0.369252
-0.970204
-0.721146
-0.187031
0.560564
-0.519776
-0.373559
-0.009077
0.054047
-0.536972
0.661887
-0.976918
-0.310858
-0.706007
-0.504867
-0.117065
0.447290
-0.857808
0.339933
0.553858
0.263762
-0.240525
-0.941251
-0.482238
0.259128
1.493432
-0.923692
0.308771
0.118702
0.420070
-0.555635
0.453111
-0.116728
0.742400
0.202908
-0.031019
-1.860776
-0.207978
-0.288989
0.040433
-1.367586
-0.407444
-0.438399
-0.169491
0.130185
-0.002929
0.529639
-0.499048
-0.441418
0.033367
0.095089
-0.507802
-0.751996
0.005137
0.047966
0.505063
-0.574528
-1.427932
-0.532532
0.947805
0.420632
-0.870470
0.756483
0.017444
0.708902
-0.517092
-0.935034
-0.173410
-0.249914
0.009013
-0.939936
0.340601
0.093811
1.018495
-0.399344
-0.193402
0.479086
-0.331940
0.112917
-0.344498
0.588324
-1.220142
0.035763
-0.314699
-0.029001
-0.001564
-0.162568
1.248560
0.812760
0.783053
0.147555
-0.665584
0.111232
0.555951
-0.477932
-0.258907
-0.409365
0.077599
0.890166
0.254055
0.055642
-0.611722
-0.037669
0.042555
-0.342981
1.470116
0.582237
-0.310239
-0.912378
0.195333
-0.502829
1.573194
-0.126046
-0.676931
-1.625435
-1.652941
-0.691335
-0.458432
-0.386930
0.880208
0.033357
-1.004484
0.834866
0.103133
0.052615
-0.574702
0.700617
0.522268
-1.271798
-0.480365
-0.486296
0.547240
-0.426225
0.066024
-1.103868
-0.220502
1.526004
0.979400
-0.597713
0.425413
0.112875
-1.210798
-0.629168
0.147062
0.146462
0.466524
-0.840712
-0.039588
-0.841918
-0.233960
0.048203
-1.526783
-0.840884
-0.501017
1.019864
0.325150
-0.126774
-1.206986
-1.336351
0.056089
-0.806213
0.370558
0.300055
-0.014958
1.916665
0.351565
1.426504
-0.047611
-0.347036
0.354182
-0.320594
-0.280819
0.228416
-0.152677
1.153962
1.354986
0.007886
1.518191
0.296104
-0.963393
-0.306202
0.089303
0.544438
0.402619
-0.513882
-0.105263
1.059626
-0.887367
1.345296
-0.384221
-0.553177
-0.592327
0.106821
-0.150258
0.289920
0.751674
-1.192257
-0.496850
-0.393099
-0.870160
0.140257
0.751867
-0.093552
0.485443
-0.034683
-0.553407
0.726941
0.100341
0.675764
0.358098
0.230565
0.851841
-0.565711
-0.557133
-0.191318
0.336778
0.836632
0.492042
0.307901
-0.627084
0.478797
1.325346
-0.880709
0.334449
-1.020527
-0.235700
-1.162233
-0.422968
-0.914619
-0.402299
0.034488
-1.286664
-0.608497
1.520528
0.632581
-0.060138
0.603552
-0.167379
-0.722137
-0.419797
-0.577265
0.352596
0.251804
-0.663585
-0.566931
1.601845
0.165626
0.731493
-0.689857
0.114257
-0.351636
-0.310112
0.381618
0.878376
-0.707895
0.724910
0.383446
-0.475253
-0.817800
-0.749926
-0.326347
-0.607396
0.371231
0.516196
-0.801781
-0.112481
-0.713146
-0.399671
-0.295438
-0.113597
0.506377
0.577192
0.404852
0.664751
-0.433937
-0.036164
0.546360
0.076833
0.377883
0.832645
-0.658557
-1.065195
1.221026
0.667029
-1.599919
-0.341423
0.662593
0.353271
0.082871
0.216879
-0.186759
0.128556
-0.214776
-0.316891
0.012917
-0.925763
-0.878461
-0.513220
1.213883
-0.665998
0.002340
0.227080
0.825506
-0.514270
1.741981
-0.535851
0.779867
-0.264229
0.002761
0.255935
-0.171323
-0.594950
-0.210842
-0.449654
0.586468
0.531468
-0.815116
-0.154334
0.363473
0.485054
-0.818321
-0.195091
0.311814
1.104823
-0.291669
0.577109
-0.390534
0.166357
-1.128769
0.406779
-0.384178
0.229222
0.417419
-0.745330
0.714900
0.337568
-0.715937
-0.061995
-0.559576
-0.472735
0.311412
0.997841
0.084807
0.357644
0.863739
0.669876
1.191338
-0.746527
1.590688
-0.562611
-0.008925
-0.403516
1.280719
0.394459
0.287568
-0.367371
-0.248383
1.037447
0.336869
0.113047
-0.714021
-0.323853
1.888481
0.088131
0.651976
0.043494
0.136080
0.810360
-0.742056
-0.325800
-0.290415
-0.400171
-0.216590
-0.397026
-0.797947
0.265123
0.391553
-0.175916
0.524995
0.392392
-0.554212
1.411014
-0.634555
-1.073178
0.345513
0.293065
1.040448
0.385389
0.157199
0.508160
-0.111898
-0.108543
-0.901705
0.559568
-0.242862
-0.127563
1.702662
0.187429
-0.395446
-0.124125
-0.175888
0.406877
-0.500658
0.112282
0.166065
0.377503
0.621831
-0.375865
-0.154472
1.744868
0.121501
-0.297928
1.413777
0.719708
-0.084980
0.259850
0.166613
1.179907
-0.129296
-0.717368
-0.964493
0.656370
0.215443
0.325856
-0.350219
0.445020
0.224046
-0.696364
0.535656
0.174053
-0.290548
0.833882
-0.207542
0.125919
-0.411001
-0.706286
0.886862
-1.410108
0.399261
0.600262
0.460133
0.452939
0.231840
0.152183
0.057572
0.389477
0.666607
-0.693153
-0.479533
-0.225961
-1.269055
0.021247
-0.847869
0.072117
-0.905923
-0.076004
0.796324
-0.447492
-0.240357
0.302709
0.954109
-0.441245
0.005136
0.105784
-0.077206
-1.260849
0.203732
0.097893
0.996535
0.554023
0.141520
-0.011981
-0.413809
-1.013890
0.272459
0.105547
-0.485194
0.213618
-0.031607
-0.440348
-0.758315
-0.914282
0.905236
-1.343479
-0.996375
-0.430414
-0.668418
0.052790
1.459502
-0.017266
0.305840
-0.351523
-0.520251
-0.244575
0.286727
0.070688
-0.596186
1.312410
-0.344382
0.227982
0.746114
-0.628430
-1.017776
-0.330647
-0.997022
0.380870
-0.662169
-0.191389
-0.997515
-0.321388
0.349726
-0.181815
0.863940
-0.069051
0.477100
-0.230610
0.489363
0.252046
-0.526606
-1.056504
-1.492884
-0.211400
-0.322707
-0.101270
-0.024978
-0.084142
-0.807371
1.409815
0.841156
-0.530631
-0.321083
0.307701
-1.464778
0.460410
-0.786132
0.587679
0.626429
-0.184661
-0.997233
0.019210
-0.447696
0.138962
-0.700152
-0.884050
-0.055840
-1.151674
-0.294915
0.392083
0.484565
-0.384800
-0.045472
-0.402563
-0.955301
0.389531
-0.328325
0.021188
-0.050678
0.215461
-0.054543
0.675826
-0.267461
1.029247
0.374734
-0.027036
0.357987
-0.507136
-0.424070
0.399482
-0.415783
0.323690
-0.331516
-0.523201
0.398192
-0.250852
0.518226
-0.303789
0.341132
-0.008850
-0.145356
0.530446
0.794370
0.351208
-0.007637
-1.163462
0.021632
0.110835
-0.287569
0.052026
-1.257689
-0.451025
-0.572865
-0.257728
-1.218326
-0.110344
0.670422
1.133454
1.173231
-0.388235
-0.370789
-0.274260
0.164893
0.735331
0.361269
-0.385508
0.372651
0.391333
0.743766
0.462712
0.195426
1.480302
1.219450
-0.613635
0.278038
0.151408
-0.379874
-1.492979
-0.638295
-0.091106
-0.294182
0.193765
-0.707579
-0.356671
0.475665
0.076042
-0.710594
-0.110989
-0.240804
-0.712456
-1.209804
-0.446742
-0.005336
-0.344237
-0.262570
-0.396251
0.529047
0.204356
-1.014169
-1.051635
0.077350
0.056895
0.792841
-0.891454
-0.048671
0.430647
0.998285
0.439211
-0.816599
0.137128
-0.562208
-0.215201
0.335908
-1.086268
-1.217582
-0.555257
-0.234996
-0.079861
-0.158417
-0.246335
1.743091
0.330589
-0.045285
-0.434573
-0.095825
0.265430
0.301497
-0.198307
-0.099856
0.807811
0.682661
1.174782
-1.082255
-0.352706
1.006542
0.100369
0.905983
1.191142
0.081790
0.239931
-0.037080
0.299387
1.339517
-0.184759
-0.011826
-0.402362
0.079523
-0.344985
0.639136
-0.832719
0.303692
-1.253624
0.118417
0.301776
1.288936
1.024935
0.457815
0.412092
0.284628
-0.344530
-0.361707
0.242897
0.385696
0.366572
0.607311
-0.085298
0.230478
-1.104516
-0.978258
0.262510
1.300536
0.820726
-0.664969
-0.060767
1.021789
-0.160145
-0.654269
-0.461611
0.057301
-0.362117
-1.141320
-1.805677
0.903240
-0.118098
0.303509
0.136066
-0.515083
0.129181
-1.400600
-0.516694
0.229761
-1.471429
0.442807
0.398708
-0.110186
-1.116639
-0.202870
0.238795
0.935804
0.366789
-0.832881
-0.493275
-0.419417
1.320178
-0.383087
1.954202
0.127344
2.115639
1.082535
0.107990
0.096181
0.265015
0.378033
0.309236
-0.802601
0.300093
0.249501
-0.593398
0.680327
-0.606756
0.393625
1.832727
0.658936
0.097088
0.102904
0.997053
-0.164990
0.212781
-0.668404
-0.747672
0.547465
-0.921862
-0.413711
0.063329
0.202178
-0.055255
0.019356
0.582536
0.745398
-0.147829
0.559103
0.976545
0.214139
-0.831410
-0.123913
-0.497911
-0.180360
1.124312
-1.248300
-1.597693
-0.231224
-0.517135
-0.175390
0.565893
0.405988
-0.076323
-0.182750
0.647238
-0.497605
-0.193296
-0.822894
0.137865
0.032042
-0.065548
-0.745170
0.547231
-0.144547
0.179279
-0.910290
-0.655893
-1.028118
-0.809144
0.058744
0.096768
0.585336
-0.299297
0.452055
-0.782862
0.130236
-0.204041
0.769497
-0.223488
-0.888248
1.122955
-0.453650
-0.645617
0.760718
0.138737
0.130262
-0.416083
0.098706
-0.104362
-0.992833
1.040997
-0.800389
0.157796
0.729071
1.052141
0.100409
0.518696
0.513663
0.087090
-0.074023
-0.797589
-0.329777
0.848987
0.540243
-0.717194
0.055084
-0.214996
-0.964321
-0.923916
-0.488486
0.076841
-0.200916
0.653353
-0.864029
0.202842
-0.158304
0.853651
-0.148557
0.518975
-1.824742
0.107946
-0.023957
-0.022736
-0.067929
1.259039
0.424642
-0.945858
-0.092355
0.794679
0.165297
0.460037
-1.189178
0.266022
0.047583
0.607914
0.948552
-0.641546
-0.344857
0.983997
-0.149501
-0.423893
-0.120027
-0.428514
-0.127241
-1.050868
0.725624
-0.386953
-0.675826
0.046334
0.356033
0.173003
-0.258342
0.336339
-0.261961
-0.495119
0.488162
-1.241309
0.185948
-0.183504
-1.547289
0.310277
0.212027
-1.119842
-0.312868
0.395353
0.319250
0.707772
0.821431
0.152026
0.915932
1.092093
-1.128261
0.194939
-0.083296
-0.678595
0.206819
1.117978
-0.069130
-0.066537
-0.124473
-0.411479
-0.261198
-1.040790
1.474405
0.670106
1.687714
-0.249260
0.621693
-0.169516
0.534521
0.950342
0.504640
0.333872
-0.063688
-0.287512
-0.962347
0.864435
0.490686
-0.028644
0.504523
0.323188
-0.416787
-0.135315
0.922675
-0.445174
0.310515
1.473082
0.793567
0.035355
-1.566271
-0.336541
-1.129451
-0.308502
-0.665345
-0.774806
1.071826
-0.286196
-0.282696
-0.633449
-0.410124
-0.214952
-0.530537
0.654450
-0.473883
-1.061728
-0.234722
-0.099545
0.809745
0.543949
-0.263540
-1.451845
-0.084652
-0.873937
2.173830
0.495546
-0.250167
0.556913
-0.045114
0.175581
-0.374599
-0.265071
0.506439
-0.666597
0.865366
0.803771
0.440795
1.205157
-0.764183
0.472320
-0.510697
0.768334
0.333876
1.811898
-1.316312
-0.535716
-0.795210
0.254995
0.657251
-0.598065
-0.415697
-0.646053
0.382404
-0.627389
-0.330344
-0.483955
0.714336
-1.021853
-0.059663
-0.353606
-0.662550
-0.326440
-0.971376
-0.858807
-0.010550
0.068447
0.437708
-0.704142
-0.502146
-0.236549
0.968369
-0.376107
0.117488
-0.530681
-0.286859
0.730419
0.635460
-0.915009
0.389002
0.342641
0.775457
0.841305
-0.660802
-0.208708
-0.001141
0.742284
-0.807628
0.292047
0.680992
-0.187048
0.407311
0.500488
-1.372042
-0.571526
0.027271
0.613496
-0.450754
0.752014
0.337855
0.332730
0.561035
0.438757
1.051158
-0.348832
-0.545986
-0.016814
0.050274
-0.137699
-1.235794
-0.444957
-0.261040
-0.097512
-0.481314
-1.162994
1.138478
-0.545344
0.618769
0.398566
-0.058080
0.065071
0.513178
0.091511
0.033257
-0.336523
0.095159
0.669770
-0.027676
-0.540352
-0.441824
0.048710
0.061965
0.434924
0.327486
-0.370087
0.115081
0.058049
0.856534
0.059896
0.141983
-0.791811
-0.423216
1.450558
-0.483816
-0.473198
-0.577658
0.188892
0.312647
-1.132073
-0.196360
0.828848
-0.710641
-0.490693
0.389173
0.024861
-0.734607
0.019584
0.125254
0.209302
-1.607052
0.682405
-1.869851
-0.237527
0.213363
-0.142938
-0.470239
0.555538
0.146914
-0.316712
0.365256
0.201998
-0.633889
0.483181
-0.260805
0.230905
0.397132
-0.724452
0.267242
0.012372
1.119409
-1.156116
0.646776
1.014897
0.088352
-0.039156
0.360607
-0.956125
0.212494
0.589354
0.254482
-0.702678
0.801735
-0.345655
0.278396
-0.576833
0.227662
-1.024842
0.402544
0.461864
1.370233
0.901127
-0.165548
-1.473261
0.722967
-0.390699
-0.265558
-0.154986
0.847312
-0.020286
-0.609176
0.560493
-0.062691
-0.002037
0.341433
0.364661
-0.173919
-1.647740
0.228650
0.343907
-0.590459
0.820157
0.248318
0.739118
0.630422
0.910543
1.022835
-0.626450
-0.848368
-0.340114
0.262444
0.723588
0.935274
-1.012720
1.053261
-0.953452
0.297094
0.148632
-0.303863
-0.777951
0.425659
-0.334556
0.277617
0.528435
-0.083035
-0.040590
-0.283232
2.252866
-0.115575
-0.563268
-0.660281
-0.435636
-0.033972
0.088583
0.534999
0.842181
0.318788
-0.140182
0.363533
-0.483948
-0.743005
-0.761575
-0.362666
-0.354734
1.324713
0.431854
0.212733
0.489010
-0.053757
-0.096991
0.458520
1.288250
0.001252
0.058693
-0.253530
0.390966
0.147891
-0.458321
-0.854997
-0.104253
0.484235
0.079591
-0.586182
-0.115064
0.444454
0.369083
0.437108
-0.706269
-0.386890
-0.004226
0.021550
-0.650513
0.265224
0.270515
0.569291
0.135444
-0.460909
-1.937270
-0.080253
-0.763660
-1.021759
-0.459835
0.234444
-0.506286
-0.043932
0.306370
0.234688
0.126057
-0.128425
0.227720
-1.224437
0.361407
0.360184
0.823209
-0.596433
-0.590756
1.127802
0.226582
-1.541470
0.850587
0.808864
1.278841
0.470221
1.373915
-0.193928
0.185027
-1.200060
0.397248
-0.782718
-0.047433
0.695677
-1.414236
-0.538263
0.265409
0.113437
-0.224677
-1.346094
0.164856
0.554939
0.007453
0.728207
-0.170255
0.000733
0.424426
-0.204061
-1.155292
-0.610795
0.010363
0.414210
-0.326782
0.678092
0.790110
-0.380971
1.456803
-0.968749
0.425574
0.231219
-0.043363
0.679040
0.023742
-0.102657
0.036518
-1.177971
0.184805
-0.391840
0.809302
-2.085431
0.639995
0.042080
1.488670
0.611745
-1.766202
-0.343499
0.392715
-1.154641
0.171685
-0.168694
0.233339
-0.046556
0.302200
-0.623067
0.896620
0.059400
0.121569
0.339817
1.130805
0.266078
1.393666
1.449394
0.468302
-0.136293
0.613133
0.119790
0.439323
0.633637
-0.108170
0.460642
-1.569256
0.351840
-0.565785
-1.611321
0.565636
-0.684622
0.409727
0.063810
-0.404649
-0.263960
0.137855
0.275573
0.314178
-0.579416
-0.062252
-1.613778
1.036635
-0.460651
0.405060
-0.377671
0.308853
0.761471
0.521064
-0.750511
-0.368988
0.567506
0.683685
-0.085150
-0.152801
0.203601
1.437758
-0.331900
-0.080177
-0.243573
0.376544
0.067351
0.194917
-0.693002
-0.038752
0.701528
-0.405583
-0.645000
1.101895
-0.490342
1.026066
0.554374
0.662691
-0.182393
-0.546808
0.493676
0.353521
0.956822
0.479545
-0.050662
-1.557953
-0.356730
0.200392
-0.394181
-0.505381
0.137696
0.208208
-0.113730
0.257132
0.587080
-0.560474
-0.581183
0.301394
1.541683
-1.491758
-1.278747
-0.067528
0.159534
1.770860
-1.104036
1.233138
0.962819
0.291132
-0.529915
-2.021254
0.568676
-1.241609
0.265730
0.344271
-1.689413
-0.118711
0.618354
1.054429
0.042824
-0.992990
0.479911
0.321706
-0.072420
0.710122
-0.046976
-0.329707
-0.497807
0.271637
-0.012646
-0.240936
0.278788
-0.164635
-1.032930
-0.078610
0.234065
-0.074473
0.325295
-0.626135
-1.175111
0.479962
-0.880021
0.151342
-1.010925
-0.912107
-1.027157
-0.060745
-0.609615
-0.029086
1.737889
0.588056
-0.417810
0.535116
-0.474371
-0.680477
1.016707
0.837217
-0.195423
0.896547
-0.191281
0.492353
-1.173988
1.508554
-0.061555
0.078302
0.060280
-0.973245
0.677265
-0.110114
-0.283023
-0.265179
0.363809
-0.142837
0.310592
0.001029
-0.093654
-0.041604
0.576401
0.240350
-0.055465
-0.688827
0.026309
-0.198373
-0.201955
0.993927
0.274075
0.547198
0.549479
-1.302681
-0.094301
0.136113
-0.091171
-0.372908
0.107482
-0.756013
0.511381
0.543281
0.293722
0.146015
0.044715
-0.014857
0.544225
1.468922
0.843493
-0.470511
0.380534
0.863473
-0.322481
-0.097632
0.013693
-0.077808
-0.848901
-0.092877
0.104359
0.504087
0.698524
0.883433
1.082948
-0.651496
1.303783
-0.886011
-0.258169
-0.329078
-0.447259
-0.590249
0.271191
0.082900
-1.010290
-0.958331
-0.262370
1.577630
0.488395
-0.403934
0.102403
-0.195999
-0.118675
-1.036387
-0.389659
0.215576
1.084616
-0.289255
-0.165856
-0.244281
0.068857
-0.892438
-0.817258
-1.687935
-0.845309
0.808752
-0.922802
-0.075578
0.581444
0.401456
1.082499
-0.377858
-0.750781
0.331207
0.869411
0.577005
0.397416
0.200386
0.161458
-0.332464
0.377117
-0.427292
-0.493134
0.114151
0.120778
0.649288
0.729838
-0.482785
-0.817516
0.307453
-0.562606
-0.153659
-0.836735
-0.030315
0.225741
1.273995
-0.792846
-0.401109
0.093937
-0.047116
-1.558366
0.170193
0.849934
-0.177548
0.158159
1.766353
-0.408394
-0.586154
0.747615
0.346663
-0.521121
1.395239
-0.543214
-0.496008
0.160750
1.031889
-0.472680
-0.413069
0.029467
-0.739057
0.837479
0.895130
0.248069
-0.601971
0.179415
0.194260
-0.916221
1.147291
-0.629325
-1.472096
-0.469518
-0.299298
-0.227731
-0.354162
-0.074553
0.139117
0.661025
0.216537
0.227411
0.076503
0.209607
-0.353905
0.378899
0.086345
0.510079
1.061594
0.715015
-1.271840
-0.367527
0.065341
0.353279
0.149830
0.418845
-0.246387
-0.461842
-0.146215
-1.830014
0.359518
-0.502728
-0.395687
-0.076232
0.372655
1.499942
-0.963408
-1.087515
-0.716321
0.832036
0.612929
-1.519586
0.241377
2.286465
0.021904
1.545478
-0.576014
-0.842499
1.219604
-0.427726
-0.068352
-0.205445
0.004880
-0.076640
-1.498992
-0.563131
2.252919
-0.552752
0.848716
0.148030
0.189975
-1.198742
-0.091473
-0.058523
-0.027215
-0.002289
0.467810
1.447716
1.147816
-0.477664
-0.135512
0.610579
0.757795
-0.084266
-0.000079
0.854084
-0.032926
-0.174051
-0.592727
0.996496
-0.763949
-0.272096
0.568918
-0.201157
0.458854
-0.521094
0.255148
-0.083159
-0.648746
-0.272132
-0.316346
0.194366
0.068162
-0.056389
-0.252355
-0.162743
-0.629372
0.474499
0.898959
0.315379
-0.030710
-0.353791
-0.024799
-0.723003
1.533713
0.396121
0.121540
-0.108310
0.176940
0.802589
0.402145
-0.632699
0.654632
-0.243264
0.355234
0.341865
0.165895
0.582676
-0.068254
0.875367
-0.150854
-0.122901
0.323068
-0.394050
0.101220
0.289286
0.850024
0.030795
1.033408
0.506675
0.405708
0.059545
0.803262
0.044890
-0.272266
0.605171
0.682196
0.502820
-0.423109
-0.031788
0.045056
-0.159749
-0.584697
-0.626890
0.024149
0.574824
-0.011318
-0.779100
0.204901
0.206613
-0.003927
0.731247
0.211304
-0.411754
-1.170474
-0.141034
-0.168090
0.963281
0.053852
-0.507629
-0.267628
-0.406253
-0.490507
0.349489
-0.238695
-0.042149
1.142914
-0.478234
0.434813
-0.603805
0.317914
0.979614
-0.684087
-0.054710
0.675113
0.111641
-0.980863
0.040521
0.267363
0.075107
-0.108334
-0.266879
-0.495661
-0.476880
-0.695686
1.222708
-0.245424
-0.615052
0.457527
0.545903
0.112468
1.906991
1.661732
0.565814
0.055802
-1.715393
0.150850
-0.469613
-0.372119
-0.352231
-0.476522
0.742462
0.576665
-0.868777
-0.602071
-0.382392
0.506746
-0.201716
-0.479582
0.476084
-0.493661
0.023583
-1.277238
-0.325657
0.026788
-0.326392
-0.363370
0.397598
-0.059678
-1.257705
-1.511663
-0.272985
0.852415
0.071807
-0.962095
0.641108
0.113832
-0.904764
1.090852
-0.266673
0.078726
0.176195
-0.505654
-0.650921
-0.898368
-0.367055
0.443053
-0.601541
0.894309
-0.982509
0.655192
0.468884
0.251744
-0.547829
-0.273829
-0.551848
1.213443
0.985944
-0.467583
-0.524125
-1.009354
0.634420
-1.557986
-0.405576
-0.680351
-1.174784
0.199411
0.573296
0.288875
-0.621185
0.605912
0.003282
0.481624
-0.335994
0.152173
-1.122489
-0.368488
0.730765
0.700965
-0.578234
-0.137851
0.580425
0.452715
-0.100608
-1.123550
-1.332901
-0.460211
-0.480134
1.124749
0.260128
-0.147414
-0.365781
-1.421988
0.143010
0.671027
-0.056422
-0.069471
-0.525211
0.348481
1.680857
-0.328357
-0.807239
-0.688178
-0.036056
-0.914569
-0.147079
-0.234687
0.784298
0.745925
1.096755
-0.658172
1.066021
-0.667839
-0.861493
0.709251
-0.161291
-0.607626
-0.498442
-0.425197
0.731663
0.784606
-0.224328
0.581664
-0.488773
-1.254945
0.603078
-0.185237
-0.654020
0.490045
0.568645
0.124145
-0.298761
1.094833
0.452467
-1.153425
0.529279
0.441866
-0.250773
-0.151357
0.245938
-0.749899
0.346443
0.408492
0.879698
0.319917
0.244284
-1.058656
1.270131
0.653113
0.344934
-1.071906
-0.485797
-0.343268
0.434596
-0.210862
-0.352981
-0.053899
-0.614479
-0.572379
-1.025278
-0.503830
-0.276363
-0.532333
1.085423
-0.075261
-1.476679
-0.948206
0.010426
-0.606244
-0.203196
0.584339
0.304959
-0.719152
-0.351284
-0.310732
-0.441329
-0.002400
0.534950
-1.170669
-0.529396
-0.271537
-0.003715
0.204866
-0.366005
-0.312760
-0.193419
0.824763
0.137989
0.412445
-0.192493
-0.076969
0.779224
0.114005
-1.432635
0.603019
-0.445563
0.200948
0.630834
-1.245990
-0.578164
0.897895
0.498394
-2.025611
0.104323
0.108541
-1.211422
-0.264129
1.141773
-0.752973
1.056221
0.389845
-0.996478
-0.167306
0.713571
-0.056052
0.982545
1.605158
0.000360
0.154365
-0.328357
1.597470
0.625144
-0.388313
0.340462
0.156621
0.069693
-0.018644
0.250108
-0.353109
-0.475165
1.298887
0.838607
0.642346
-1.425821
-0.089416
0.299292
0.515712
0.585310
0.108843
-0.894480
-0.098420
-0.544367
0.142417
0.263235
-0.322931
-0.670411
0.305091
-0.957362
-1.064462
0.859704
0.710682
-0.139984
-0.950829
-0.025340
-1.523176
0.068091
0.088756
-0.361402
0.288050
-0.184686
0.211956
0.537872
0.025395
-0.018500
0.794053
-0.270777
-0.666285
-0.427268
-0.685934
0.170314
0.568437
0.129105
-0.712096
0.252742
-0.408418
1.199004
-0.490364
-0.007886
-1.420998
-0.860996
0.304484
-0.363965
0.523648
-0.330568
-0.252480
0.328928
-0.145850
0.600537
0.105558
0.222770
-0.176238
0.465211
0.233823
1.229268
-0.733415
-0.924071
-0.084129
-0.519567
1.160851
0.770739
-0.028906
-0.147204
-0.396203
-0.876715
-0.290097
-1.859158
-0.156056
0.067139
0.182527
0.221139
-0.325633
0.051270
0.064797
0.318471
1.077577
-1.403540
0.056450
0.666103
0.172452
0.054062
-0.673775
0.659073
0.554184
0.889087
0.036001
1.058427
-1.011233
0.940094
0.756051
0.166902
-0.691637
-0.378450
-0.542649
-0.062140
1.573987
-0.854694
0.884264
-0.821244
0.646773
-0.343243
-1.005210
-0.242867
0.363196
-0.564059
-0.532988
0.210170
-1.087001
-0.156745
-0.817064
0.047284
-0.543291
0.258609
0.489459
1.029669
-0.155095
0.443427
-0.814443
0.697441
-0.769699
0.248720
-0.526205
-0.514754
-0.204174
-0.233190
-0.863604
0.881055
-0.613436
-1.084280
0.261810
-0.116443
0.193110
-0.399879
0.786114
-0.512906
0.407204
0.196024
-0.408341
-0.161365
0.247775
-0.060254
-0.116080
0.008560
0.781523
-0.501069
-0.238241
0.182519
-0.891474
0.118335
-0.265747
-0.970940
-0.494115
0.368158
0.798129
2.073382
-0.157189
0.797265
0.095741
-0.204561
0.503572
-0.737386
-0.403917
0.377818
0.507724
0.758505
0.246403
-0.745019
-0.314985
0.041855
-0.743598
-2.124477
-0.688868
-0.229643
-0.263087
0.702113
0.190782
-0.947175
0.117845
-0.107739
0.352578
-0.183086
0.703675
-1.027456
0.171272
-0.601296
0.648194
0.001561
-0.865175
0.680024
-1.186121
0.633901
0.985637
-0.810453
0.555262
-0.350944
0.483111
-0.698190
0.319820
0.515776
-0.012705
0.381077
-0.091344
-0.045830
0.053614
-0.420298
-0.131227
0.059732
-0.002138
-0.753875
0.164477
0.056485
-0.367964
-0.239444
0.146165
-0.154794
-0.133357
0.418174
0.174208
0.079565
0.809582
-0.823949
-1.016107
0.053052
0.411844
-0.597999
0.283468
-1.550240
-1.009128
-0.124403
-0.509326
0.588259
0.068714
0.632946
-0.162182
0.025952
-0.060437
-0.398155
0.069321
0.401826
-1.254983
1.073054
-0.532814
-1.082759
1.345443
0.064638
-0.307930
0.530161
0.679602
0.344659
1.114825
0.215865
-0.674750
-0.187990
-0.228993
0.758939
0.809855
0.472261
0.905706
0.204186
-0.420221
-0.408475
0.470350
-0.910772
0.482459
0.353783
0.614393
0.137747
-0.178308
-0.101872
0.293902
0.133493
-1.441504
0.336302
0.168150
-0.490829
0.860778
-0.439632
-0.996041
-0.732166
-0.392200
-0.845503
0.595127
-0.282843
-0.628457
-0.683254
0.622885
-0.556007
-0.241103
-0.738637
-0.101424
0.847497
-0.516777
-0.065938
-0.125307
-0.098824
-1.431457
-0.559709
0.627936
0.063413
-0.601965
-0.578166
-0.475123
-0.297433
-1.451908
0.342305
0.342926
0.226984
0.943269
-0.338058
-0.794121
-0.906284
1.706882
-0.570815
-1.055857
0.604892
-0.906497
0.422908
0.822647
-0.172909
-0.834856
-0.352780
0.641508
0.457779
0.152858
0.510121
-0.676530
-0.178878
-0.647757
-0.541848
1.132060
0.227033
0.341680
-0.373040
-0.191317
0.398407
0.656486
-0.063071
0.025079
0.301472
0.258016
-0.369296
-0.789827
0.066156
-0.023471
-0.227642
0.195517
0.846720
-0.347001
0.232342
-0.849794
0.870015
0.575773
-0.258150
-0.535806
-0.049724
-1.266735
1.052516
-0.944869
0.313310
0.071062
-0.177460
0.104442
0.290226
-0.265814
0.509375
0.421669
-0.383800
0.648572
0.128252
0.323892
1.080964
-1.202261
0.129378
-0.989969
-0.023521
0.611547
-0.358127
0.674039
-0.554077
0.932241
0.228256
0.087551
-0.694303
-1.083228
-0.107303
-0.613139
1.271726
-0.065452
-0.387354
0.481691
-1.193745
-0.516165
-0.067954
-0.037161
-0.881074
0.013461
0.284841
0.581162
0.509986
0.582466
1.055851
-0.855496
-0.776032
-0.068926
-0.179585
0.384545
-0.871763
-0.634959
0.014461
-0.321853
-0.606170
0.361934
0.389967
0.335712
0.248070
0.890677
0.929654
-0.352033
0.611811
-1.049750
0.453438
0.959141
0.324289
-0.484749
-0.740507
-0.214145
-0.250947
0.313922
0.051011
-0.759986
-0.382270
-0.875415
1.194092
-0.553316
1.429264
-0.774093
-0.059428
-0.059850
-0.791835
-1.172821
-0.051807
-0.268474
-0.031364
0.384981
-0.580911
-0.702288
0.129797
-0.455340
-0.043338
0.627160
1.347769
-0.911325
1.005972
0.396011
1.376276
-0.068838
1.157764
-0.410585
1.355221
0.634618
0.217726
-1.085600
0.497791
1.399550
-0.453524
0.407751
-1.193544
0.277893
0.975410
-0.154098
1.506941
-0.575552
0.203904
0.058923
1.218890
-0.245948
0.187480
0.487470
0.423753
0.238947
0.183438
-0.458354
-0.532335
-0.554619
0.230346
0.041613
-0.024905
-0.101453
-1.191655
-0.484199
1.041668
0.121035
-0.635819
1.425557
-0.134780
0.589573
0.431225
0.031871
-0.406878
-0.135938
-0.396183
1.338982
-0.558612
-0.567778
0.253343
0.735453
0.171487
-0.376924
-0.301975
0.724701
0.163176
-0.519884
-0.086031
-0.053358
0.514634
-0.753987
-0.622843
0.214815
0.239756
-0.769712
-0.464155
0.482660
0.591424
0.031234
-0.217091
-0.018018
0.220187
-0.197550
-0.066391
-0.678377
0.107018
-1.800632
-0.122391
0.459155
-0.016320
-0.859327
-0.453557
-0.063453
-0.596687
-0.978973
0.661732
-0.372834
-0.344270
-1.447348
-0.544118
-0.260184
0.398222
0.612898
-1.006733
0.275819
-0.619009
0.635739
1.325701
0.540485
0.254688
-0.184648
-0.201509
0.666162
-0.452905
0.255928
-0.791156
-0.176294
0.107453
-1.417441
0.038583
0.292046
-0.486025
1.350254
-0.701562
0.083151
-0.112138
-0.572542
-0.195680
0.065927
0.648690
-0.487160
0.635338
0.404170
0.188772
0.822441
0.342658
0.132155
-1.272935
0.664643
-0.074915
-0.206114
1.258731
-0.631598
0.012832
0.516198
-0.743676
0.743948
-0.779106
-0.339029
-0.474450
-0.706735
1.460839
0.400313
0.162412
0.742063
0.412672
-0.117983
0.956816
0.312777
0.503473
-0.336438
-0.407426
1.308854
0.110870
-0.454289
0.354912
-1.016668
0.035469
-0.174759
-0.138200
-0.093205
0.316272
-0.218367
0.295378
-0.760683
-0.027651
0.685513
0.632355
0.877771
-0.228274
-0.229828
-0.276736
0.880630
0.176224
0.654543
-0.194495
0.042974
-0.184504
-1.828383
-0.320923
0.112569
0.207355
0.077201
-0.633268
1.056363
0.794894
1.094766
-0.368713
-0.205148
0.323787
-0.450820
0.125404
-0.351698
-0.101353
-0.378246
0.707956
-1.293911
-0.190550
0.189967
1.586529
1.089875
0.576129
-0.514062
-0.257458
0.803382
-0.474511
-1.460208
0.287762
0.074647
0.307171
-0.683556
-0.183784
-0.514940
1.195392
0.132109
-0.932136
-0.602694
-0.430943
-0.237645
0.317842
0.391559
-0.267486
-0.679009
-0.272805
0.707849
-0.820659
0.413732
-1.583620
0.914354
0.031945
0.436973
0.260236
0.146854
0.964406
0.382196
-0.093017
-1.100045
-0.030840
0.559512
0.789240
1.159380
0.922831
0.110680
0.129256
1.037498
-0.560426
-0.551040
-0.904666
-0.207114
0.273075
-0.470682
0.322916
-1.427207
-0.195867
-0.695551
0.176111
-0.188680
0.386412
-0.694744
-0.296439
0.508434
0.363967
0.619681
-0.715032
0.482442
-0.716456
0.433907
1.257759
1.131777
0.475063
-0.020727
0.842129
0.955281
0.208813
-0.466945
1.297018
0.536834
-0.208105
0.648905
-1.529077
-1.238649
0.455781
-0.022571
0.880133
-1.276666
-0.035221
0.146876
-0.563991
0.175142
0.641605
1.064668
0.533174
0.867235
0.696097
-0.629643
-0.602107
-0.019072
-0.223646
-0.977081
-0.247137
-0.251387
0.520508
0.072999
0.781189
0.487040
0.455811
-0.721793
-1.101671
0.649981
1.027287
-0.040762
-0.265911
0.246472
-1.060948
0.179079
0.712230
1.171753
0.476816
-0.651225
0.179091
-0.470550
-0.152947
0.593870
-0.377408
-0.965792
-1.254176
1.547854
-0.483517
-0.191979
-0.390218
0.437021
0.346727
0.031898
0.831253
-0.375195
0.170254
0.452423
-0.968658
0.786936
1.106566
-0.145823
-0.832547
0.122489
0.317350
0.440182
-0.197901
0.316084
0.399821
0.842678
-0.130736
0.335511
1.678930
1.228130
0.045577
0.289582
-0.214009
0.171266
0.280732
0.494463
-0.019132
0.355869
-0.515750
-1.664127
-0.595752
0.173922
-0.082708
0.326673
-0.023684
1.308412
0.500530
-0.308026
-0.857018
-1.140339
-0.605786
0.541548
0.609915
0.742004
-0.121361
-1.000401
-0.112685
0.354899
0.221744
0.014053
-0.495910
0.185321
0.104495
0.981647
-0.813152
0.252540
-0.420939
1.218808
0.585143
-0.167133
-0.935829
0.800990
-1.153917
0.262937
0.470746
0.450905
-0.051083
0.226654
0.063283
0.309063
-0.877834
-0.299506
0.606217
-0.510404
1.846807
1.303006
0.026050
-0.640018
-1.194532
-0.430948
0.049345
0.159055
0.454785
-0.710144
0.131021
0.064787
0.366753
-0.687630
-1.251288
0.080076
-0.408540
-0.132697
0.789470
0.451840
0.850355
-0.894400
-0.006301
0.792224
-0.441378
-0.183020
-0.581641
1.309957
0.616912
-0.740876
0.511153
1.056783
0.984034
-0.208594
1.458703
-0.185722
-0.381212
-0.826207
0.535470
-1.003009
-0.347649
0.475957
-0.106747
-0.038422
0.581756
-0.354918
0.849243
0.504958
0.729892
-0.493312
1.413447
0.791591
-0.659252
-0.122096
-1.060322
0.090219
0.138719
0.149234
-0.717421
0.771625
-0.271989
0.039290
1.194221
-0.759805
0.900713
0.908178
-0.128381
0.887291
0.539993
0.551510
-0.374185
-0.102784
0.909614
0.051752
-0.700613
0.666706
-0.970663
-1.129806
0.150276
0.003431
-0.763084
0.580951
-0.476288
-1.024672
-1.177500
1.767102
-0.757290
-0.555075
-1.319046
0.214657
-0.542108
-0.353611
-0.878167
-0.065589
2.927368
-0.235615
0.004498
0.932036
-0.535723
-0.421881
0.688541
-0.295317
0.482826
-0.116724
0.580425
-0.868605
0.381449
0.543977
0.079072
-0.342136
-0.020610
-0.274169
-0.040093
0.871770
-0.927599
-0.118519
-0.375195
-0.598882
-0.194079
-0.236738
0.203190
0.406429
1.165204
-0.148640
0.373107
-0.944127
0.176034
-0.715319
0.942819
0.676447
-0.420111
0.278163
0.303447
0.323602
-0.437804
-0.502370
0.670905
-0.293805
0.381201
-0.484393
1.721344
0.661699
0.605309
-0.173799
0.986821
1.251635
-0.227508
0.291331
0.437610
-1.554760
0.094885
1.055099
0.545612
0.289347
-0.911231
0.075975
0.777811
-0.874077
0.022107
-0.602281
-0.009626
-0.304624
0.579412
-1.572944
0.350342
1.729221
-0.228985
-0.607247
-0.461668
-0.136497
-0.228125
0.747430
0.437889
-0.066230
0.312191
-0.377891
0.784144
0.275534
-0.388631
-0.195131
0.408438
0.435212
1.616381
0.502325
-0.144300
-0.710018
-0.823149
-0.736142
0.163135
-0.699958
0.637318
0.505235
-1.098666
-0.617689
0.585799
0.358184
0.868568
-0.345884
0.749180
0.666171
0.166604
0.628575
-0.056694
-0.049901
-0.800555
0.188047
-0.229090
-0.547929
-0.761014
0.025717
0.545886
0.914171
-0.141992
-0.183622
0.102517
0.323413
0.833226
0.718046
-0.166448
0.403728
-1.620343
-0.683183
-0.348321
-0.039003
-0.107533
0.949274
-0.503024
0.765472
0.971494
-0.615081
0.156695
0.694386
0.629235
-1.463760
0.292918
-0.151508
1.692077
-0.021185
-0.601484
-0.410022
-0.188296
0.622812
-1.006075
0.092904
0.415719
0.657374
0.764974
-0.018684
0.107685
0.593072
0.001952
-1.084484
-0.236247
1.104433
0.901924
0.304533
-0.033097
0.345724
0.434770
0.806720
1.103948
1.256681
0.858931
0.440683
-0.169194
-0.905135
0.180127
0.890042
-0.855317
-0.018244
-0.613844
-0.372841
-0.611172
-0.582714
-0.993930
0.733426
1.100612
0.006324
-0.073480
-0.623149
0.614489
1.158909
0.050580
0.706919
-0.442909
-0.372851
-0.280717
-1.041035
0.476951
0.050778
0.128508
-0.762303
-0.071498
0.814993
0.114007
-0.775273
-0.789277
1.079764
0.795148
-1.229534
0.747140
-0.093610
-0.060489
0.504119
0.367491
-1.063892
0.377661
0.794842
1.059097
-0.074609
0.114246
0.547228
-0.275224
0.253159
-0.067938
0.256214
0.631692
0.421754
-0.865815
-0.946099
-0.121856
-0.250457
0.559919
0.234316
0.350073
0.320262
0.015744
0.410796
1.684199
0.119867
0.029198
-0.376673
-0.080925
2.049864
0.755277
0.393369
1.188272
-1.018917
0.842332
-0.571141
0.518137
1.137948
0.123327
-1.042428
0.104268
-0.719744
-0.250004
0.259713
0.643079
-0.189726
0.914878
-0.000780
0.677489
1.873312
-1.353450
0.989769
-1.385057
-0.353841
-1.321434
0.945219
-0.133587
0.189250
-0.083043
-0.437422
0.435900
0.341681
-0.978222
-0.565526
-0.008077
1.493651
1.204305
0.327407
0.186149
-0.748108
-0.437931
0.307194
0.347459
0.752571
0.061660
-1.491408
-0.115115
0.888097
-0.161970
0.125202
0.037547
0.120002
1.049889
-1.035971
0.679160
-0.607688
0.603720
0.478625
-0.174864
1.633533
1.261308
-0.117821
0.756602
-0.937762
0.307055
-0.884726
1.752365
-0.144836
0.169417
-0.105430
0.427094
0.030402
-0.594032
-1.328388
-0.120184
-0.359357
-0.497635
-0.546397
0.640878
0.060308
0.272035
-0.495953
-0.781772
0.017112
-0.977575
-0.220544
0.804172
-1.442380
0.136924
-0.384174
-0.066630
0.696112
1.652954
-0.886658
0.198707
-0.550133
-0.349702
0.664442
0.656499
0.719549
0.186232
-0.239776
-0.250252
0.398564
-1.337096
-1.076951
-0.332496
-0.919615
-0.790923
0.019615
0.282836
-0.004934
-0.941467
-0.935814
-0.790599
0.653015
-0.155347
-1.244653
-1.016020
-0.670378
0.005345
-0.641843
0.497334
0.922421
0.036076
1.094986
0.813325
-0.163691
-0.318882
-0.284916
-1.145294
-0.877283
-0.314052
0.375452
-0.809481
-0.520685
0.565654
0.295286
-0.443467
-0.128143
0.557957
0.017297
1.483153
-0.876528
-0.105844
-1.110098
-0.278156
-0.741312
0.159563
1.107344
-0.844528
-0.741932
0.293366
1.156176
-1.267324
1.045015
-0.072945
0.557766
-0.203740
-0.078880
0.759131
0.073868
-0.666345
1.369660
-0.499580
-0.709424
0.041574
-0.815409
-0.023390
0.370505
1.140031
-0.970278
-0.866982
-0.009841
0.451086
-0.047162
0.058304
-0.303658
-0.730401
1.033547
0.027290
0.275320
-0.289407
0.916241
-0.328076
1.079900
0.647249
0.781452
-0.023662
-0.157989
0.274797
-0.465665
-0.696727
-0.075659
0.478842
0.583398
-0.377916
-0.733022
-0.526910
-0.201225
1.084740
0.483651
0.315068
-0.842284
0.665446
-0.357091
0.335459
-0.518021
-0.259892
0.628075
0.388815
0.919663
-0.561114
0.235031
0.717619
0.276005
1.240914
-0.875710
0.985649
-0.053706
-0.270271
-0.270597
-0.099356
0.285855
-0.706357
0.356325
0.143102
-0.280904
0.824193
-0.464516
-0.385416
0.722147
0.776602
-1.458787
0.466765
0.744591
0.072682
0.365062
-0.344183
0.195465
0.576074
-0.062525
0.042058
-0.523459
-0.150837
-1.291887
0.993808
-0.171814
-0.109976
0.352166
0.063941
-0.497539
-0.072441
-1.132352
-0.198853
-0.292535
-0.207718
0.486620
-0.196094
-0.113581
-0.080449
-1.257549
-0.648613
0.093840
0.509990
0.581526
-0.044323
-0.535789
-0.375019
-0.171980
0.059278
-0.874124
0.763535
0.295263
0.143584
0.204226
-0.680603
-0.725608
-0.545046
0.197466
0.597469
-0.163427
-1.559314
0.233444
-0.276667
1.769742
-0.123001
-1.037941
0.405019
-0.011635
0.681340
1.333964
-0.351431
0.167429
0.436404
-1.144375
-0.903415
0.321188
-0.019385
1.818016
-1.485765
0.752119
0.381289
0.784300
0.931596
-0.666783
0.370787
-0.272502
-0.597954
-0.071593
0.619288
-0.480404
0.421319
1.532397
-0.069445
-0.490925
-0.551990
-0.890164
0.084416
0.488310
1.425364
1.200255
0.559580
-0.124220
1.331397
0.737496
-0.375364
-0.080600
-0.710237
1.125741
-0.021121
0.122747
0.328761
1.220984
1.380505
-0.672141
-0.458524
1.113697
0.913005
-0.270185
0.322822
0.019632
-0.819070
-0.982671
0.363116
-0.682989
0.824097
0.362817
-0.681079
-0.454388
-1.684153
-0.350407
-1.073418
1.014483
-0.858412
0.796842
-0.590397
0.322908
0.335680
0.575132
-0.441089
-0.495023
0.150084
-0.317122
-0.315632
0.093833
1.136667
0.648057
-0.261205
-0.552774
-0.390214
1.034260
0.318556
-0.223258
-1.221687
-0.663236
0.341495
-0.479366
-0.629501
-0.004253
-0.846155
1.424846
-0.235340
-0.945124
-0.120465
-0.711613
0.746020
0.283820
0.043284
-0.227893
0.647468
-1.143264
0.321767
0.022463
-0.827291
0.665860
-0.456182
0.051345
0.752211
-0.358477
-0.159870
1.649969
0.071268
-0.381876
0.434045
-0.169791
0.775255
0.359537
0.224555
-0.172706
-0.957433
0.315419
-0.238524
0.604718
0.633340
0.556112
0.828555
-0.275558
0.433790
-1.061585
0.455775
-0.142984
-0.215818
-0.734653
-0.521236
0.819119
-0.137704
-0.059386
0.751659
1.216484
-0.254777
0.330397
-1.209084
-0.415610
0.769977
-0.470616
-0.659441
-0.454214
-0.034376
0.331418
-0.780099
0.498834
-0.309399
-0.574041
0.392675
-1.119691
-0.423492
-0.588937
0.172724
0.187400
-0.229770
-0.560515
-0.395640
1.289505
-1.042859
-0.393540
-0.781432
-0.740585
-0.196935
-0.173196
-1.086587
-0.490604
-0.473836
-0.281774
-0.971298
-0.540847
-0.601776
-0.408448
0.582296
0.029203
-0.536992
0.273544
0.315708
-0.834824
-0.758615
-0.035463
0.036052
-0.481556
-0.049750
0.284618
0.700429
0.121185
-0.548681
1.091538
-0.762075
-0.510169
0.908914
-0.129591
0.221162
0.204573
-1.386997
0.299036
0.446696
0.962396
-0.257170
0.134671
-0.528839
0.473578
-0.462678
-0.201525
-0.530257
-0.475292
-0.024291
-1.082138
-0.154530
-0.442746
1.196732
-0.374629
0.595448
-0.014034
0.307804
-0.621759
-0.272067
-0.078622
-0.006718
-0.182867
-0.406514
-1.337271
-0.956316
-0.402491
0.641768
-0.120899
1.082595
0.148922
0.572364
0.435150
0.259466
1.004621
-0.977474
-0.615538
0.411529
0.479713
0.795310
-0.458010
0.399520
0.333598
0.675259
-0.725750
0.048385
0.151458
0.049043
0.230767
-0.678872
0.393247
-0.685981
-0.283603
-0.356872
-1.222065
0.831658
-0.214819
-0.260243
-0.275157
0.017101
0.225105
0.523434
1.296976
1.105550
0.753011
0.672110
0.420442
0.046285
-0.744788
1.161560
-0.173574
-0.299837
0.036867
-0.016085
-0.211560
-1.022912
-0.526260
0.347845
0.165290
-1.463792
-0.570869
0.903065
0.014678
0.186224
0.411610
-0.473499
0.924748
-1.271568
-1.062099
-0.915953
0.844014
-0.699755
-1.264472
-0.644108
-0.057330
-0.128806
-0.606982
-0.152468
-0.044859
0.147254
0.858671
-0.374729
-1.108061
0.843466
-1.185888
0.143847
-0.298260
-0.579383
0.883939
-0.251764
0.016652
-1.000092
-0.410759
0.312556
0.105188
0.414027
-0.490756
0.264877
0.803199
0.134523
-0.363115
0.684939
0.554117
0.526953
0.958558
-0.702211
-0.120778
-0.618611
0.194832
0.302560
0.221678
-0.558594
0.254643
0.866238
-0.351197
0.819676
0.476791
-0.788241
0.017715
-0.175997
0.515013
-0.352537
-0.465133
0.882120
0.091096
0.274572
-0.026898
-0.456825
-0.821830
0.182815
0.137692
-0.201917
-1.614753
0.622626
-0.428700
-0.209035
-0.143798
0.021151
-0.447136
0.933527
-2.086266
0.220894
0.620180
-0.294065
1.160879
-0.801392
-0.272124
0.087832
-0.604978
-0.643770
-0.056473
-0.448831
0.870291
0.282922
-0.087838
-0.983648
0.396812
0.369184
-0.929843
-0.035896
0.324638
-0.853610
0.607560
-0.987671
0.492353
0.639146
1.577737
-0.816285
0.317043
0.084939
0.407616
0.356266
-0.146437
-1.201007
0.033446
0.367897
0.637714
-0.673993
0.989493
-0.500626
1.677588
0.861781
0.534206
0.868714
0.545131
0.434435
-0.166658
-0.875112
0.135554
-0.048884
1.426518
1.168255
-0.470632
-0.171605
-0.808768
0.373344
-0.926644
0.537746
-0.186827
0.396304
-0.271079
0.445379
-0.650314
0.089991
-0.588756
-1.079069
0.014406
0.470038
0.201512
1.250648
-0.060887
-0.292159
-0.173689
-0.847006
0.028050
0.042287
-0.347672
0.469401
-0.318300
-0.128050
-0.511765
-0.475274
-0.350978
-0.482846
-0.180147
-0.444193
-0.103709
0.738256
-0.650175
0.340034
0.541148
-0.534879
0.555189
0.348971
0.043528
-0.503803
-0.184003
-1.968748
-0.360399
-0.452941
-0.043025
-0.019081
-0.506711
-0.112678
-0.584371
0.787624
-0.039201
-0.334191
-0.595802
1.146656
0.039817
0.555172
-0.765762
-1.289031
-1.375516
-0.229569
-0.299529
-0.410782
0.276935
-0.488344
0.361084
-0.600370
0.046822
-0.287321
0.061259
0.388071
0.251291
0.031423
-0.000671
0.314394
0.501398
-0.312179
0.165648
0.882500
-0.849956
0.264856
0.332686
0.305666
-0.287806
-0.418525
0.908255
0.078496
1.305056
1.063524
-1.482561
0.418967
0.304083
0.345356
-1.679052
0.768958
-1.936304
0.040156
0.717255
0.279709
-0.272287
-0.515712
0.080481
0.517976
0.486612
1.587621
0.724880
1.275383
-0.365410
-0.882750
-0.536767
0.729565
0.141576
-0.705449
-0.020171
-1.693248
0.165089
0.415803
0.531857
-0.423882
-0.087087
0.425176
0.267163
0.361971
-0.457348
0.305899
-0.515368
-0.486561
1.267647
0.689038
-1.393491
1.483166
-0.474055
-0.848162
-0.742902
-0.634280
0.212442
0.108796
0.175904
1.270788
-0.402615
-0.367098
1.316283
0.246263
0.333318
-1.440641
-0.607462
0.727507
-0.512138
1.006032
0.466558
-0.705240
-0.402184
0.678649
0.037452
-0.043995
-0.084319
-1.519264
1.502191
-1.062243
-1.493057
0.124174
-0.696167
-0.256408
0.601905
-0.306186
0.533690
0.546398
0.932134
-0.097063
0.085853
0.789410
0.087471
0.505885
-0.814154
-0.393823
-0.711393
-0.148907
-0.189282
0.389548
-0.247146
-0.778258
-0.596305
0.786220
-0.204675
0.143928
-0.459023
0.015616
-1.197520
-0.396841
0.541336
-0.968525
0.055902
0.293245
-0.976293
-0.780316
0.481739
-0.539106
-0.947646
1.121938
0.262670
0.081427
0.044390
-0.000624
0.263764
1.169765
-0.301238
-0.901586
0.280063
-0.956953
0.708582
-0.900827
0.138419
-0.334441
0.076071
0.221157
0.146824
-0.061194
-0.690574
-0.042531
0.021378
0.571195
-0.291197
-0.879948
-0.735389
0.390036
1.624492
0.498418
0.612603
0.758901
0.944710
-0.051171
-0.634419
-0.708618
0.722222
-0.008000
-0.621513
-0.567924
-0.428933
-0.271305
0.391149
-0.418842
1.734135
-0.039742
-0.143356
-0.411016
0.507450
1.749057
-1.022835
0.678596
-0.206141
0.286815
0.364535
-1.321689
0.071457
0.073182
-0.500638
-0.295101
-1.563557
0.146729
0.669308
-1.161635
0.709108
-0.763356
-0.005021
-1.205702
-0.110749
1.115618
-0.496051
-0.055952
-0.374093
-0.888281
0.530931
-0.060230
0.172458
0.806603
0.302104
-0.199157
1.392957
-0.873835
0.187010
-0.348576
0.543211
-0.732517
0.249815
0.414098
0.106332
0.178597
0.145026
0.976014
-0.046163
0.698016
0.040361
-1.043625
-0.366223
-0.637199
0.200679
-0.321592
-0.222602
0.362890
0.665837
-0.156830
-0.840630
-1.117923
-0.679674
0.041590
0.064883
-1.558751
0.286250
0.968932
0.504614
-1.379678
0.274365
-1.550036
0.769293
0.422247
-0.573272
-0.376171
0.231382
0.255486
0.406530
-0.395966
0.346757
-0.969415
-0.767996
-0.058879
-0.914570
0.999513
0.345655
-0.582224
1.383540
0.189869
-0.041159
-0.828889
0.480918
-1.494087
-0.743921
0.406305
-0.020992
-0.053383
-0.157574
0.268979
0.655928
-0.715622
-1.069790
-1.447707
0.820996
-0.856299
0.368935
0.687483
0.891091
1.229004
-0.832496
-0.883665
0.033768
-1.189464
0.311265
-0.093383
0.047055
0.669621
0.391069
-0.394416
-0.982094
0.863926
0.683682
-0.289687
0.117771
-0.367388
-0.444573
-0.289403
-0.256851
-0.420933
-0.132272
0.217642
-0.150992
-0.339375
1.162939
0.752396
0.738494
0.020106
-0.608339
0.290967
1.454596
-0.231306
-1.891672
0.657234
-0.289944
-0.415087
0.441527
0.638681
0.462720
-0.207202
-0.096051
-0.471895
0.386625
0.593933
0.312004
0.919104
0.052420
-1.099204
-0.679980
-0.117468
1.225895
0.503113
-0.357275
-0.431014
-0.720817
-0.743376
-0.546160
-0.616160
0.277669
-0.399572
-0.041266
0.098419
-0.141502
0.046172
0.057012
-0.673439
-0.367377
0.957503
-0.193009
-0.061111
0.048514
-0.428379
0.340871
0.362118
0.020486
0.881030
-0.978186
-0.852078
0.058974
0.291517
0.193353
-0.309198
-0.948779
0.522912
0.412986
1.427698
0.064680
-1.271256
0.567901
0.523317
0.438265
0.266278
-1.293814
-0.770342
0.109143
-0.227786
-0.086726
-0.549876
0.499288
0.972879
0.370753
0.222117
-0.869491
-0.268475
-0.345277
0.142886
-0.031678
-1.502356
0.284595
-0.265799
-1.446656
0.969500
-1.007827
-0.920308
-0.837464
0.221066
0.640874
-0.076293
-0.109585
-0.526522
1.135939
0.126510
0.336120
0.322501
-0.971904
1.093886
-0.444931
-0.532961
-0.249901
-0.758597
-0.189297
0.141955
0.408790
0.383166
0.529404
0.099108
-0.350493
0.615279
0.634694
-1.072980
-1.024998
0.379159
-0.123506
-1.269992
-0.108782
-0.686926
-0.211725
0.298162
-0.739350
0.665412
0.430965
0.257604
0.277837
0.678509
-1.080103
0.249138
0.561550
0.412430
0.072311
-1.430834
-1.349182
-0.488947
-0.926681
0.209326
-0.469284
-1.295981
-0.389898
0.320565
-0.125766
-0.402300
-0.598139
-0.659743
-0.402672
0.632736
-0.707568
0.269401
-0.691284
1.288051
-0.220010
0.579730
-0.126368
-0.309009
-0.323005
0.587596
-0.751120
0.000097
-0.363351
0.805589
-0.287275
-1.450200
-1.207425
0.269551
-0.342966
0.286617
-0.452313
0.851265
0.805499
-0.619201
-0.567037
0.267190
-0.155100
0.185063
0.113276
0.533806
0.111748
-0.372096
0.058257
-0.207223
1.250727
0.088420
-1.397718
0.269136
-0.004231
-0.700106
0.691007
1.077284
-0.566910
1.442436
1.553917
0.375631
-0.436416
0.518801
-0.302657
-0.927650
-0.295817
-0.994831
-0.078635
1.181227
-0.860851
-0.278864
0.837307
-0.037013
-0.829361
0.502836
-0.290284
0.234775
-0.439747
-0.048771
-0.349238
1.056576
0.214770
-0.701672
0.331132
-0.474974
-0.535097
0.340220
0.272180
0.431497
-0.031919
0.235797
0.650514
-0.010251
0.294605
0.499566
-1.504462
0.893030
-0.479294
0.237396
0.238174
-0.471685
0.633037
0.616403
0.297436
-0.814930
-0.102035
0.529015
0.383189
-0.150638
0.290571
-0.442652
0.073283
-0.666147
-0.433017
0.397072
-0.079149
0.250614
0.438514
-0.524492
0.374274
0.042004
-0.257142
-1.308764
-0.650781
0.046059
0.859028
0.386292
-0.056569
0.204939
-0.715212
-0.639795
0.049644
-0.489863
0.884097
0.432485
0.580278
-0.361584
-0.129876
0.542868
-0.145018
0.305896
-1.251693
-0.602947
0.043291
-0.185852
-0.151003
0.646809
1.112554
-0.058861
0.651855
0.464934
-0.529991
0.091358
1.286727
0.124194
0.860179
0.295084
-0.674811
-0.047595
-0.643416
0.681607
0.526150
-0.561135
-1.643457
0.655229
1.558498
-0.023329
-0.321080
0.322112
-0.276047
-0.288951
0.059771
-0.420998
0.576292
0.335387
0.235548
0.810365
0.660528
-0.431898
0.310186
-0.267558
0.316391
-0.730343
-0.822864
0.796930
-0.136105
0.412944
1.342364
1.649847
-0.973295
-0.774112
-0.798423
-0.011993
-0.761468
1.203559
1.473577
-0.200529
-0.435426
-0.296634
-0.604462
-0.403676
-0.222887
0.609922
-0.583033
0.242625
0.162251
0.041702
0.317051
0.162710
-0.025971
0.787155
-0.166186
0.173914
-0.400405
-0.612702
-0.177362
0.321858
-1.162058
0.000999
0.154297
0.432731
-0.009632
0.858569
-0.771325
-0.005509
0.237363
0.835783
0.024668
0.825888
-0.868797
0.002038
-0.346378
0.000724
0.567873
0.240592
1.472323
-0.446262
0.150190
0.705577
-0.539182
-0.505815
-0.076536
0.145298
0.500883
0.179012
-0.142045
0.051458
-0.684565
-0.669526
-0.324583
-0.614420
0.648597
0.134598
-0.064940
1.205898
0.942390
-0.410003
-0.090840
0.187672
-0.375793
0.529707
-0.124880
-0.489040
-0.707217
0.582699
0.665140
-1.015868
-1.162138
-0.657843
0.036746
0.179702
-0.543598
0.067102
-1.425458
-0.225174
0.966851
0.238436
-1.544622
-0.290415
0.248776
0.019996
0.316105
-0.425004
-0.468863
0.742707
1.130139
-1.700011
-0.348635
-0.672755
-0.781360
0.333405
-0.898638
0.336148
0.671038
0.882174
-0.147753
-0.314048
-0.304395
-0.316720
0.217064
-0.629669
0.676816
-0.701180
-0.306837
-0.741225
-0.182042
0.127937
-0.457027
0.659342
0.652092
-0.377996
-1.053009
0.078755
-0.606918
0.206230
-0.759560
0.290375
0.712300
-0.036302
-0.422269
-0.896301
0.426616
0.245947
-1.278132
-0.153698
-0.934351
0.468068
0.293998
0.920861
0.941869
0.552135
-1.414628
1.430636
0.109579
0.023112
-0.406535
0.424244
-1.090940
0.695418
0.095382
-0.568212
-0.706844
1.005580
-0.132793
0.085651
0.358006
0.190055
0.617757
-0.709862
-0.774159
0.257859
-0.317981
-0.831174
-0.069032
-1.169858
-0.650490
-0.439747
0.109116
0.987285
0.520297
-1.286610
0.674438
-1.583093
-0.467838
-0.342738
1.162641
0.282132
0.271410
0.648225
-0.793743
0.351483
0.525938
-0.040525
-0.686480
-0.465163
0.675582
0.811517
0.379456
0.953576
-0.257546
0.484696
1.089688
0.556754
0.150319
0.746688
-0.061714
0.597739
-0.818787
-0.338144
-0.157283
-0.644906
-0.417159
-0.185853
-0.225752
0.966460
-0.310769
1.156464
0.763678
-0.006572
-0.040529
0.533025
0.451990
-0.245438
-0.063719
-0.327776
1.100822
-1.028468
0.645290
0.101734
0.753113
-0.635217
1.053461
-0.976317
-0.835798
0.243870
0.663189
-0.303465
0.688979
-1.125586
0.725797
1.151000
-0.096487
0.064566
0.176024
0.037979
0.209887
0.275101
0.892588
0.114930
-0.230167
-0.068056
-0.239556
-0.739686
-0.289337
-0.151425
-1.480609
-0.641474
-0.448998
-0.323137
0.176238
-0.623418
-0.613998
-0.230214
-0.405507
-1.078494
-0.716775
0.141099
1.518163
0.943444
-0.320349
0.370186
-0.594076
0.482834
-0.035696
0.868619
-1.281736
-0.265181
1.732905
0.054128
0.680065
-0.038203
0.266461
0.444144
-0.092548
0.660849
0.412390
-0.221341
-0.831027
0.180809
0.221760
-0.514712
1.389232
-0.131862
-0.121353
-0.703031
0.111631
1.889186
-0.777827
-0.937315
-0.319365
0.085600
0.583660
0.886952
-0.645901
0.951635
-0.651099
0.197653
0.727318
0.028241
0.145338
-0.897050
-0.252968
-0.922707
-0.341492
0.222621
-1.245674
-1.111259
-1.021593
0.587684
-0.209043
-0.433114
0.539421
0.174161
-0.545312
-0.814626
-0.011797
-0.490605
-0.765319
0.182198
0.312712
-0.860210
0.743282
-0.480957
0.339207
0.509968
-0.201337
0.133633
-0.729052
0.084203
-0.194072
-0.599842
0.420976
-0.707353
0.059374
1.708451
-0.797891
-0.151095
0.011247
1.120367
0.150160
-0.138891
-0.410291
0.406599
-0.383940
-0.965500
-0.459851
0.684144
0.698094
0.628667
1.055219
0.959425
-1.044396
-0.164520
0.155093
0.202027
0.541056
0.360181
-0.571229
0.131239
-0.591057
0.399202
-0.752036
-0.520316
0.630196
-0.105657
-0.866130
-0.800689
-1.429169
0.653886
0.210199
0.017755
-0.021992
-0.433349
-0.181854
0.553072
-0.130224
0.215909
0.177137
0.839955
-0.118106
0.274118
-0.129889
0.075243
0.430208
-0.355565
0.699210
0.563510
-0.916256
-0.650475
0.647574
-0.919066
-0.239168
-0.076250
0.369328
0.494946
-0.525628
-0.516706
1.028593
-0.006467
0.413803
0.496243
-0.510564
-0.510904
-0.829064
-0.732890
-0.295410
-1.194975
0.360612
-0.095963
-0.064025
0.916349
-0.382696
0.899719
1.158253
-0.170334
-0.293055
-1.308187
-1.484319
0.621920
0.019794
-0.041495
-0.723304
-0.155825
1.287357
1.090198
-0.963832
-0.799657
0.740752
0.329624
-0.944182
-1.327534
-0.006411
0.332520
-0.616194
-1.550896
-0.167844
-0.341617
0.149631
0.026811
0.610572
-0.218585
-0.024697
1.191797
-0.855798
-1.303080
-0.234012
-0.075347
-0.336939
-0.649994
-0.778346
-0.894573
0.371220
0.220878
-1.031330
-0.743454
-0.775120
0.704001
0.176030
0.106614
-0.740021
-0.369467
-0.170820
-0.802870
0.749241
0.138040
0.469105
-0.018821
-0.347970
0.597907
-0.432362
0.712208
0.823042
-0.544570
-0.490400
1.198742
-0.834406
0.711551
-0.411211
-0.765630
0.324316
0.368283
-0.186192
1.444508
1.612558
0.738198
-0.776128
-0.512498
-0.584042
-1.406374
-0.213969
-0.794621
-0.296112
-0.723295
0.320485
0.028939
0.630399
1.444820
-0.803305
0.491422
0.135787
0.223247
1.044869
-0.386047
0.942460
-0.391826
0.963279
0.435341
-1.156598
0.252523
0.515426
0.106067
0.162779
0.161585
-0.321126
-0.742358
-0.297486
-0.208610
-0.001476
1.451803
-1.080339
-0.676745
0.849322
-0.710661
0.315912
-0.348878
-0.412960
1.373670
-0.734574
-0.546576
-0.341700
0.571684
1.031275
-0.309252
-0.767894
-0.948314
-0.755913
-0.823295
0.671913
-0.223221
1.080391
-0.041970
0.220320
0.179500
0.197592
-1.397388
-0.411151
-0.316012
-1.256539
1.433908
-0.269729
0.671531
-0.527377
-0.609639
-0.002563
-0.201800
-0.664416
-0.628193
-0.808482
-0.118811
0.044308
0.249995
0.079202
0.661321
1.077320
-0.425143
-0.129687
0.168648
0.415294
-0.419561
-0.282092
-0.221101
0.911297
-0.206635
0.680782
-0.265627
-0.727221
1.426755
-0.218551
0.669397
0.289468
0.354323
-0.574168
-1.014361
-0.305067
-1.122192
0.638780
0.090874
0.402441
-0.216561
0.774880
0.160105
0.191632
0.604821
-1.487012
0.098788
0.420612
0.401287
0.696369
0.361875
-0.183775
-0.105369
0.287862
0.143603
-1.530492
0.053252
0.424652
-0.045846
1.122263
-1.482228
-0.479593
-0.861448
-0.126356
-0.442044
0.514183
-0.337267
-0.895034
-0.446653
-0.834827
-1.038487
0.758146
-0.249582
0.048639
-1.446795
0.345140
1.232337
-0.381867
-0.612916
0.247280
-0.895502
0.527546
0.394631
-0.641320
-0.326376
0.356840
1.130343
-0.496206
-0.855850
1.214209
0.961377
-0.307382
-0.350350
0.113034
-2.100462
0.597220
-0.208908
0.009320
-0.454361
0.978741
0.824489
-0.067181
-0.415672
1.029207
-1.652128
-1.706131
0.167919
0.102662
-1.086464
-0.450410
0.897771
-1.263246
-0.254612
0.160360
1.112306
-0.198606
-0.311495
-0.425556
0.899917
0.508974
0.289955
0.721750
0.373726
-0.861000
-1.240992
-0.287357
-0.011574
-0.188692
0.019767
-1.574261
1.230985
0.351801
-1.737904
0.808395
0.395774
0.436329
0.444352
0.138106
-0.133396
0.443508
0.437061
0.713996
-0.892579
-0.859513
-0.925710
0.026636
-1.750033
-0.287200
0.009961
-1.144687
-0.057770
-0.075710
0.381248
-0.378941
-1.009602
0.563752
-0.189067
0.327390
0.340365
1.318758
0.301859
-0.187078
-0.310646
-0.941688
-0.225466
0.216065
0.152281
-0.001252
1.116792
0.228280
-0.617262
-0.239316
1.077265
0.436429
0.783407
-0.044499
-0.183727
1.251159
0.211461
-0.243040
0.227664
0.531521
-1.207698
-0.042917
0.397470
0.115432
0.853283
0.582105
0.371420
-1.080290
1.402284
-0.460701
-0.329045
-0.465826
0.284092
-0.402744
0.434920
1.028269
1.010560
1.214867
0.459934
1.373798
-0.430945
0.266300
-0.650688
-1.455092
-0.990966
-0.170288
0.701584
0.155527
0.874085
-0.302680
-0.173138
0.216911
-0.016864
1.057061
0.629902
1.037902
0.702060
-0.748624
0.301743
0.136357
2.004062
-0.810335
-1.319482
-0.366596
-0.137242
0.724608
-0.778940
0.565404
-1.169580
0.525737
-1.449499
-0.562925
-0.241551
-0.337237
-0.898801
-0.680038
0.535543
0.057207
-0.351827
0.312846
2.152997
0.112309
0.890301
-0.287351
0.542947
0.181199
1.474121
-0.453622
0.081989
0.404819
0.266343
-0.545788
0.550395
0.140163
-0.891606
-0.267380
-1.510996
0.095360
0.832808
0.901571
-0.727296
-0.249790
0.282571
0.098929
-0.414798
-0.857559
-0.148535
-0.260161
0.180368
-0.195931
-0.162511
0.298571
-0.459567
-0.469950
-0.439986
-0.752892
0.037653
0.135864
0.612439
0.078156
0.761535
-0.620200
-0.781994
-1.141223
-0.325640
0.193004
0.368743
0.717279
-0.244909
0.925703
1.258565
2.160926
0.311792
-0.701734
-0.440746
0.222444
0.576323
0.051427
-0.478850
-0.986815
-0.856081
-0.243027
0.110784
0.743440
-0.341814
1.070505
-0.219605
0.967332
0.154575
-0.651754
0.085866
0.583108
0.395552
0.222140
-1.121681
-0.049661
0.062142
0.064648
-0.024633
-2.253368
-0.789270
0.059810
-0.595006
1.333237
0.056330
2.004757
-0.019517
-0.838991
-0.074712
-1.235493
1.116345
0.024016
1.923867
0.480298
-1.096158
-0.103397
-0.361988
-0.744662
-0.716729
-1.065245
-0.492547
0.383022
-0.177389
0.283259
-1.708736
0.053871
-0.714391
-0.397009
-1.372222
-0.188152
0.131852
0.486929
-0.555695
-0.120687
0.090196
0.745139
1.323416
-0.934816
1.223905
1.501021
-1.336819
0.141588
0.959858
-0.693312
0.341591
0.806604
0.446800
1.407893
-0.289459
0.531157
0.433738
0.827214
0.923579
-0.190938
-0.071494
-0.416363
0.517935
-0.441047
-1.554588
-0.019583
0.283798
-0.654538
-0.453092
-0.253618
-0.508699
-0.660896
-0.200902
-0.544239
-0.075266
0.580362
0.593655
0.759361
0.432458
-0.344744
0.773951
-0.610056
0.093415
0.136719
0.692253
-1.024036
-0.625331
-1.320915
-1.204794
0.173558
-0.062433
0.179685
-0.458585
1.255701
-0.367750
-1.216356
0.452758
-0.587171
-0.607043
-0.075010
-0.456218
-0.099428
0.582522
-0.184469
-0.390084
-0.313288
0.902148
-0.682150
0.027053
0.536315
-0.482450
0.583023
-0.821915
-1.040856
0.021427
0.523527
0.662749
-0.723102
0.472683
-0.939411
-0.586460
0.051559
0.770298
-0.127213
-0.356763
1.055326
0.179338
0.419154
-0.671876
0.826747
-0.165578
0.455214
-0.128368
-0.327899
0.671636
0.274498
-0.540553
-0.064359
0.715562
-0.090937
0.542241
-0.202736
0.614617
1.356747
-1.235415
-0.257691
0.659569
0.055554
-0.120382
0.064895
0.477764
0.232047
0.762274
-0.740211
-0.767643
-0.212906
0.008887
-0.312670
0.701629
-0.154049
-0.093753
-0.005387
-0.198150
0.257357
0.077456
-0.179047
-0.570250
-0.189056
-0.119446
-0.268621
0.036073
-1.000246
0.164308
0.320023
0.410615
0.928033
-0.563844
-0.175448
0.064238
-0.445998
1.083401
0.674081
0.599974
-1.032585
-0.100807
0.338202
0.274686
-0.163775
-0.012619
-0.899782
-0.808722
0.379461
0.298942
0.307126
0.878819
-0.769079
-0.552843
-0.323732
-0.005540
0.332528
1.228448
1.336172
0.378023
0.683079
1.142131
1.168143
-0.393144
-0.667582
-0.870857
1.534376
-0.297115
-0.751745
1.439327
0.985715
0.676307
1.219593
0.352700
0.940723
-0.105598
0.041648
0.335329
-0.186634
0.712265
0.313877
0.255331
0.699882
1.006367
-0.910571
-0.352141
-0.440320
0.008801
-0.379770
1.367348
0.514448
-0.559344
-0.005109
-0.271276
0.662399
-0.735976
0.329177
-0.738454
-0.302154
0.020361
0.314120
0.846791
0.726996
0.183943
-0.620540
-1.101898
-0.214232
0.814329
-0.566035
0.460001
0.841189
0.657843
-0.099227
-0.677138
-1.686759
-0.056135
0.854486
0.341179
0.006242
0.830772
-0.522018
-0.553465
-1.027208
0.300898
-0.147023
-1.695463
0.316037
0.590843
-0.158835
0.124681
0.456960
-0.658916
0.668916
0.557557
-0.176359
-0.988102
-1.126360
-0.259972
0.207339
1.503705
0.601905
0.762598
0.031896
-0.176936
-0.163071
-0.034760
-1.075327
-0.465239
0.203401
0.164809
1.018656
-0.390422
0.368874
-1.421386
0.757660
-0.718807
0.239483
-0.103488
1.072752
0.829396
-0.278106
0.960271
0.210366
-0.215842
-0.620700
-0.377546
-0.143661
0.237460
-0.037068
0.179480
-0.253965
0.063939
-0.581544
-0.375183
0.926528
0.551986
0.152901
0.226793
0.217142
0.049225
-0.254119
0.357125
-0.188126
0.912114
-0.579240
-0.327453
-1.260419
-0.208266
0.098893
0.153816
0.256050
0.377718
0.418044
-0.015363
-0.339363
-1.006906
0.517091
1.347040
0.720713
-0.476053
0.712548
-0.019539
-1.072905
0.849611
-0.744902
0.088441
-0.684208
-0.880934
0.665995
1.668067
-0.313982
-0.023704
-0.270249
0.718604
0.907716
-0.304421
-0.378555
0.267452
-0.052944
0.053528
1.113627
-0.044694
-0.313844
0.317605
-0.147036
0.118746
-0.379694
0.120293
0.064973
-0.516205
-0.526687
-0.586543
0.372479
0.514296
-0.039383
-0.463623
0.281990
-0.690335
-1.072816
0.068272
0.132160
0.322298
-0.550042
-0.584205
-0.007025
-0.367014
-0.643329
0.519072
0.371680
-0.097529
-0.123713
0.326945
0.914239
1.261526
0.168815
-0.090370
1.514402
0.516966
-0.774488
-0.936256
-1.413349
-0.076894
-0.290135
0.905695
-0.195931
0.222799
-0.667700
0.656771
0.866992
0.111757
0.950566
0.094963
-0.666048
0.165695
-0.384082
0.800566
-0.709193
0.252338
-1.569450
0.299746
0.165662
-0.949998
0.516858
-0.014766
1.142744
0.015438
0.161102
0.051321
-0.285248
0.458867
-0.604803
-0.811831
0.127163
-0.199111
-0.476577
0.224420
0.021044
-0.098709
-0.243374
1.166960
0.795138
0.255081
-0.538192
0.207364
-0.008801
-0.452786
-0.209944
-1.000165
1.051345
0.155111
0.964086
1.369739
0.220171
-0.252438
-0.547650
-0.128240
-0.228275
1.274291
0.637322
1.608703
0.891193
0.460733
0.586512
0.267939
-0.114198
-0.846416
0.024952
0.712726
0.061016
-0.350182
-0.191314
-0.057641
-0.684552
0.506583
0.396079
0.257716
0.786314
-0.131762
-0.312878
0.825562
-0.569323
-0.528401
0.835355
0.505697
-1.109306
1.090471
0.214298
-0.522303
-0.117292
-0.983291
0.265756
1.246529
-0.863909
0.635813
0.037224
-0.431914
-0.348684
-0.125647
-0.720759
0.094557
0.222315
0.226423
-0.000744
-1.021557
0.884578
0.215814
0.444379
1.130504
0.032710
-0.197587
-0.097344
0.195896
-0.440239
0.681072
-0.442986
0.105076
1.384859
1.111242
0.458924
-0.401598
-1.083682
-1.337721
-1.048659
2.321257
-0.010292
-0.661601
0.598717
-0.249367
-0.060404
0.063089
-0.984888
-0.626053
-0.118666
0.461173
0.441231
0.337512
0.719155
0.431174
-0.801379
-0.054449
-1.121592
-0.623639
-0.731283
-0.689149
-0.688637
0.728088
0.815309
-0.060525
-0.436346
0.785817
0.493571
-0.307026
-0.405824
-0.327471
0.188747
0.362024
0.283173
0.776529
-0.594088
1.202556
1.109417
-0.066303
-0.217718
-0.534113
0.011808
0.698771
-0.957380
0.098845
0.110916
-0.241494
0.513347
0.246832
-0.472601
0.629883
0.065875
-0.323279
-0.487155
1.482831
-0.406908
-0.779760
0.303628
-0.222879
-0.808918
-0.134028
0.477783
-0.125299
-0.305340
0.465469
0.062226
0.505393
1.017098
-0.167713
0.379527
-0.582045
-0.931171
0.019246
-0.057555
-0.732299
-0.121443
-0.928073
0.254462
0.521909
-0.242300
-0.157883
0.924490
0.622273
-0.667938
0.117582
0.270427
-0.295517
-0.227420
-0.780435
0.305230
0.154863
0.226450
0.081552
-0.252777
-1.201750
0.482266
0.943971
-0.106199
0.999043
0.614923
-1.196803
-1.376840
0.107646
0.597332
-0.483807
0.575709
-0.470822
0.566776
-0.082182
-1.417057
1.085112
-0.531956
-0.103881
-0.369022
-0.330940
0.575176
-0.262702
0.700381
0.435043
-0.302844
0.133213
0.980582
-0.022696
0.712336
-0.746827
-1.090183
-0.102333
-0.696263
-0.494802
-0.338720
0.596239
0.680053
0.607524
0.443627
0.132180
-0.415429
0.026732
-0.141201
-0.618424
0.310629
1.360572
-1.010148
0.667961
-1.904642
-0.540994
-0.829436
-0.689946
-0.173538
-0.401643
0.323038
0.119117
-0.038605
-0.372402
0.227213
-0.396597
0.279017
-0.861514
-0.120211
-0.096859
-0.012792
0.079593
-0.006745
